7450-991574
OS REV: 1.05 Sensor Cal: 1629218772
Time (sec),  BV (Volts),  T (deg C),  DO (mg/l),  Q ()
1652397840,+3.47,+24.325, +7.908,+0.992
1652397900,+3.47,+24.627, +7.889,+0.993
1652397960,+3.47,+24.846, +7.871,+0.993
1652398020,+3.47,+24.946, +7.858,+0.992
1652398080,+3.47,+25.030, +7.861,+0.993
1652398140,+3.47,+25.022, +7.857,+0.992
1652398200,+3.47,+25.022, +7.877,+0.993
1652398260,+3.48,+25.527, +8.589,+1.004
1652398320,+3.47,+28.984, +7.333,+1.000
1652398380,+3.47,+30.708, +7.063,+0.999
1652398440,+3.47,+31.822, +6.893,+0.998
1652398500,+3.47,+32.514, +6.754,+0.996
1652398560,+3.47,+32.945, +6.674,+0.996
1652398620,+3.47,+33.253, +6.600,+0.995
1652398680,+3.47,+33.448, +6.567,+0.994
1652398740,+3.47,+33.572, +6.548,+0.994
1652398800,+3.47,+33.651, +6.523,+0.993
1652398860,+3.47,+33.722, +6.520,+0.994
1652398920,+3.47,+33.731, +6.501,+0.992
1652398980,+3.47,+33.749, +6.503,+0.993
1652399040,+3.47,+33.757, +6.497,+0.993
1652399100,+3.47,+33.740, +6.498,+0.993
1652399160,+3.47,+33.722, +6.496,+0.992
1652399220,+3.47,+33.704, +6.503,+0.993
1652399280,+3.47,+33.678, +6.503,+0.992
1652399340,+3.47,+33.660, +6.504,+0.993
1652399400,+3.47,+33.616, +6.504,+0.992
1652399460,+3.47,+33.554, +6.505,+0.992
1652399520,+3.47,+33.510, +6.504,+0.992
1652399580,+3.47,+33.465, +6.512,+0.992
1652399640,+3.48,+33.395, +6.515,+0.992
1652399700,+3.48,+33.333, +6.537,+0.993
1652399760,+3.48,+33.289, +6.534,+0.993
1652399820,+3.48,+33.236, +6.537,+0.993
1652399880,+3.48,+33.174, +6.546,+0.993
1652399940,+3.48,+33.112, +6.552,+0.993
1652400000,+3.47,+33.050, +6.556,+0.992
1652400060,+3.47,+32.980, +6.563,+0.992
1652400120,+3.47,+32.918, +6.575,+0.993
1652400180,+3.47,+32.866, +6.577,+0.993
1652400240,+3.48,+32.795, +6.588,+0.993
1652400300,+3.48,+32.725, +6.596,+0.993
1652400360,+3.48,+32.654, +6.604,+0.993
1652400420,+3.48,+32.602, +6.607,+0.993
1652400480,+3.48,+32.531, +6.626,+0.994
1652400540,+3.48,+32.470, +6.629,+0.993
1652400600,+3.48,+32.417, +6.625,+0.993
1652400660,+3.48,+32.347, +6.641,+0.993
1652400720,+3.48,+32.286, +6.651,+0.994
1652400780,+3.48,+32.216, +6.657,+0.993
1652400840,+3.48,+32.154, +6.669,+0.994
1652400900,+3.48,+32.084, +6.675,+0.994
1652400960,+3.49,+32.049, +6.676,+0.994
1652401020,+3.48,+31.962, +6.691,+0.994
1652401080,+3.48,+31.901, +6.696,+0.994
1652401140,+3.48,+31.831, +6.708,+0.994
1652401200,+3.48,+31.778, +6.717,+0.994
1652401260,+3.48,+31.708, +6.734,+0.995
1652401320,+3.48,+31.639, +6.738,+0.994
1652401380,+3.48,+31.595, +6.741,+0.994
1652401440,+3.48,+31.534, +6.751,+0.995
1652401500,+3.48,+31.464, +6.763,+0.995
1652401560,+3.48,+31.421, +6.768,+0.995
1652401620,+3.49,+31.334, +6.791,+0.996
1652401680,+3.49,+31.273, +6.783,+0.995
1652401740,+3.49,+31.238, +6.788,+0.995
1652401800,+3.49,+31.168, +6.801,+0.995
1652401860,+3.49,+31.116, +6.804,+0.995
1652401920,+3.49,+31.055, +6.818,+0.995
1652401980,+3.49,+31.003, +6.826,+0.996
1652402040,+3.49,+30.942, +6.835,+0.996
1652402100,+3.49,+30.882, +6.841,+0.995
1652402160,+3.49,+30.821, +6.852,+0.995
1652402220,+3.49,+30.769, +6.848,+0.995
1652402280,+3.49,+30.725, +6.858,+0.995
1652402340,+3.49,+30.656, +6.857,+0.995
1652402400,+3.49,+30.587, +6.881,+0.996
1652402460,+3.49,+30.552, +6.883,+0.995
1652402520,+3.49,+30.474, +6.884,+0.995
1652402580,+3.49,+30.448, +6.896,+0.996
1652402640,+3.49,+30.396, +6.901,+0.995
1652402700,+3.49,+30.336, +6.916,+0.996
1652402760,+3.49,+30.284, +6.923,+0.996
1652402820,+3.49,+30.241, +6.921,+0.995
1652402880,+3.49,+30.189, +6.935,+0.996
1652402940,+3.49,+30.128, +6.945,+0.996
1652403000,+3.49,+30.085, +6.946,+0.996
1652403060,+3.49,+30.025, +6.949,+0.996
1652403120,+3.49,+29.964, +6.969,+0.997
1652403180,+3.49,+29.930, +6.964,+0.996
1652403240,+3.49,+29.861, +6.982,+0.996
1652403300,+3.49,+29.809, +6.989,+0.997
1652403360,+3.49,+29.757, +6.984,+0.996
1652403420,+3.49,+29.723, +6.999,+0.997
1652403480,+3.49,+29.663, +7.004,+0.996
1652403540,+3.49,+29.620, +7.006,+0.996
1652403600,+3.49,+29.577, +7.009,+0.996
1652403660,+3.49,+29.516, +7.017,+0.996
1652403720,+3.49,+29.491, +7.016,+0.996
1652403780,+3.49,+29.430, +7.024,+0.996
1652403840,+3.49,+29.387, +7.030,+0.996
1652403900,+3.49,+29.310, +7.043,+0.996
1652403960,+3.49,+29.284, +7.040,+0.996
1652404020,+3.49,+29.233, +7.043,+0.995
1652404080,+3.49,+29.190, +7.066,+0.997
1652404140,+3.49,+29.156, +7.055,+0.996
1652404200,+3.49,+29.087, +7.081,+0.997
1652404260,+3.50,+29.044, +7.089,+0.997
1652404320,+3.50,+29.001, +7.093,+0.997
1652404380,+3.50,+28.967, +7.087,+0.996
1652404440,+3.50,+28.933, +7.095,+0.996
1652404500,+3.50,+28.855, +7.110,+0.997
1652404560,+3.50,+28.830, +7.112,+0.997
1652404620,+3.50,+28.795, +7.123,+0.997
1652404680,+3.50,+28.736, +7.128,+0.997
1652404740,+3.50,+28.693, +7.122,+0.996
1652404800,+3.49,+28.641, +7.140,+0.997
1652404860,+3.49,+28.599, +7.139,+0.996
1652404920,+3.49,+28.556, +7.138,+0.996
1652404980,+3.49,+28.513, +7.141,+0.996
1652405040,+3.49,+28.462, +7.164,+0.997
1652405100,+3.49,+28.419, +7.164,+0.996
1652405160,+3.49,+28.385, +7.173,+0.996
1652405220,+3.49,+28.359, +7.186,+0.997
1652405280,+3.49,+28.325, +7.187,+0.997
1652405340,+3.49,+28.291, +7.182,+0.996
1652405400,+3.49,+28.240, +7.195,+0.997
1652405460,+3.49,+28.214, +7.193,+0.996
1652405520,+3.50,+28.163, +7.208,+0.997
1652405580,+3.50,+28.120, +7.211,+0.997
1652405640,+3.50,+28.095, +7.206,+0.996
1652405700,+3.50,+28.052, +7.220,+0.997
1652405760,+3.50,+28.018, +7.223,+0.997
1652405820,+3.50,+27.967, +7.229,+0.997
1652405880,+3.50,+27.933, +7.228,+0.996
1652405940,+3.50,+27.873, +7.241,+0.996
1652406000,+3.50,+27.839, +7.245,+0.997
1652406060,+3.50,+27.813, +7.247,+0.996
1652406120,+3.50,+27.771, +7.263,+0.997
1652406180,+3.50,+27.737, +7.256,+0.997
1652406240,+3.50,+27.694, +7.269,+0.997
1652406300,+3.50,+27.652, +7.269,+0.996
1652406360,+3.50,+27.609, +7.275,+0.996
1652406420,+3.50,+27.567, +7.277,+0.996
1652406480,+3.50,+27.541, +7.287,+0.996
1652406540,+3.49,+27.499, +7.292,+0.997
1652406600,+3.49,+27.473, +7.300,+0.997
1652406660,+3.49,+27.422, +7.302,+0.996
1652406720,+3.49,+27.397, +7.302,+0.996
1652406780,+3.49,+27.354, +7.311,+0.996
1652406840,+3.50,+27.329, +7.320,+0.997
1652406900,+3.50,+27.286, +7.313,+0.996
1652406960,+3.50,+27.244, +7.331,+0.997
1652407020,+3.50,+27.201, +7.337,+0.997
1652407080,+3.50,+27.184, +7.332,+0.996
1652407140,+3.50,+27.150, +7.344,+0.997
1652407200,+3.50,+27.099, +7.352,+0.997
1652407260,+3.50,+27.074, +7.350,+0.997
1652407320,+3.50,+27.032, +7.353,+0.996
1652407380,+3.50,+27.006, +7.354,+0.996
1652407440,+3.50,+26.972, +7.365,+0.997
1652407500,+3.50,+26.938, +7.372,+0.997
1652407560,+3.50,+26.887, +7.375,+0.996
1652407620,+3.50,+26.862, +7.387,+0.997
1652407680,+3.50,+26.845, +7.385,+0.997
1652407740,+3.50,+26.794, +7.394,+0.997
1652407800,+3.50,+26.760, +7.394,+0.996
1652407860,+3.50,+26.752, +7.394,+0.996
1652407920,+3.50,+26.701, +7.412,+0.997
1652407980,+3.50,+26.667, +7.417,+0.997
1652408040,+3.50,+26.642, +7.421,+0.997
1652408100,+3.50,+26.608, +7.418,+0.997
1652408160,+3.50,+26.583, +7.420,+0.997
1652408220,+3.50,+26.540, +7.428,+0.997
1652408280,+3.50,+26.489, +7.440,+0.997
1652408340,+3.50,+26.481, +7.437,+0.997
1652408400,+3.50,+26.439, +7.454,+0.997
1652408460,+3.50,+26.413, +7.449,+0.997
1652408520,+3.50,+26.380, +7.461,+0.997
1652408580,+3.50,+26.346, +7.454,+0.996
1652408640,+3.50,+26.320, +7.464,+0.997
1652408700,+3.50,+26.303, +7.466,+0.997
1652408760,+3.50,+26.278, +7.463,+0.996
1652408820,+3.50,+26.210, +7.469,+0.996
1652408880,+3.50,+26.202, +7.478,+0.996
1652408940,+3.50,+26.177, +7.476,+0.996
1652409000,+3.50,+26.151, +7.487,+0.997
1652409060,+3.50,+26.118, +7.489,+0.996
1652409120,+3.50,+26.084, +7.505,+0.997
1652409180,+3.50,+26.058, +7.491,+0.996
1652409240,+3.50,+26.016, +7.510,+0.997
1652409300,+3.50,+25.991, +7.503,+0.996
1652409360,+3.50,+25.974, +7.516,+0.997
1652409420,+3.50,+25.932, +7.520,+0.997
1652409480,+3.50,+25.898, +7.516,+0.996
1652409540,+3.50,+25.873, +7.536,+0.997
1652409600,+3.50,+25.856, +7.517,+0.996
1652409660,+3.50,+25.814, +7.545,+0.997
1652409720,+3.50,+25.780, +7.533,+0.996
1652409780,+3.50,+25.763, +7.527,+0.996
1652409840,+3.50,+25.738, +7.543,+0.996
1652409900,+3.50,+25.721, +7.542,+0.996
1652409960,+3.50,+25.696, +7.552,+0.997
1652410020,+3.50,+25.654, +7.554,+0.996
1652410080,+3.50,+25.637, +7.557,+0.996
1652410140,+3.50,+25.611, +7.556,+0.996
1652410200,+3.50,+25.569, +7.570,+0.996
1652410260,+3.50,+25.536, +7.577,+0.996
1652410320,+3.50,+25.519, +7.580,+0.996
1652410380,+3.50,+25.502, +7.587,+0.997
1652410440,+3.50,+25.493, +7.588,+0.996
1652410500,+3.50,+25.468, +7.593,+0.996
1652410560,+3.50,+25.443, +7.609,+0.997
1652410620,+3.50,+25.418, +7.612,+0.997
1652410680,+3.50,+25.392, +7.611,+0.996
1652410740,+3.50,+25.401, +7.625,+0.997
1652410800,+3.50,+25.384, +7.623,+0.997
1652410860,+3.50,+25.367, +7.618,+0.996
1652410920,+3.50,+25.333, +7.636,+0.997
1652410980,+3.50,+25.342, +7.620,+0.996
1652411040,+3.50,+25.308, +7.627,+0.996
1652411100,+3.50,+25.283, +7.636,+0.997
1652411160,+3.50,+25.274, +7.638,+0.997
1652411220,+3.50,+25.241, +7.635,+0.996
1652411280,+3.50,+25.207, +7.644,+0.996
1652411340,+3.50,+25.207, +7.634,+0.996
1652411400,+3.50,+25.182, +7.648,+0.997
1652411460,+3.50,+25.148, +7.653,+0.996
1652411520,+3.50,+25.115, +7.645,+0.995
1652411580,+3.50,+25.098, +7.652,+0.996
1652411640,+3.50,+25.064, +7.664,+0.996
1652411700,+3.50,+25.056, +7.669,+0.996
1652411760,+3.50,+25.039, +7.665,+0.996
1652411820,+3.50,+25.047, +7.668,+0.996
1652411880,+3.50,+24.997, +7.675,+0.996
1652411940,+3.50,+24.997, +7.683,+0.997
1652412000,+3.50,+24.972, +7.678,+0.996
1652412060,+3.50,+24.946, +7.690,+0.997
1652412120,+3.50,+24.904, +7.692,+0.996
1652412180,+3.50,+24.896, +7.695,+0.996
1652412240,+3.50,+24.871, +7.690,+0.996
1652412300,+3.50,+24.854, +7.693,+0.996
1652412360,+3.50,+24.820, +7.696,+0.996
1652412420,+3.50,+24.812, +7.700,+0.996
1652412480,+3.50,+24.761, +7.718,+0.997
1652412540,+3.50,+24.745, +7.707,+0.996
1652412600,+3.50,+24.745, +7.705,+0.996
1652412660,+3.50,+24.728, +7.710,+0.996
1652412720,+3.50,+24.694, +7.717,+0.996
1652412780,+3.50,+24.669, +7.714,+0.996
1652412840,+3.50,+24.644, +7.726,+0.996
1652412900,+3.50,+24.644, +7.723,+0.996
1652412960,+3.50,+24.610, +7.731,+0.997
1652413020,+3.50,+24.577, +7.718,+0.995
1652413080,+3.50,+24.568, +7.730,+0.996
1652413140,+3.50,+24.543, +7.727,+0.996
1652413200,+3.50,+24.518, +7.741,+0.996
1652413260,+3.50,+24.476, +7.747,+0.996
1652413320,+3.50,+24.476, +7.748,+0.996
1652413380,+3.50,+24.451, +7.758,+0.997
1652413440,+3.50,+24.426, +7.755,+0.997
1652413500,+3.50,+24.426, +7.747,+0.996
1652413560,+3.50,+24.375, +7.745,+0.995
1652413620,+3.50,+24.367, +7.763,+0.996
1652413680,+3.50,+24.358, +7.750,+0.995
1652413740,+3.50,+24.325, +7.767,+0.996
1652413800,+3.50,+24.308, +7.771,+0.996
1652413860,+3.50,+24.291, +7.773,+0.996
1652413920,+3.50,+24.275, +6.736,+0.991
1652413980,+3.50,+24.258, +0.782,+0.985
1652414040,+3.50,+24.258, +0.038,+0.977
1652414100,+3.50,+24.241, +0.036,+0.977
1652414160,+3.50,+24.207, +0.036,+0.977
1652414220,+3.50,+24.182, +0.035,+0.977
1652414280,+3.50,+24.165, +0.035,+0.977
1652414340,+3.50,+24.140, +0.035,+0.977
1652414400,+3.50,+24.132, +0.035,+0.977
1652414460,+3.50,+24.132, +0.034,+0.977
1652414520,+3.50,+24.107, +0.035,+0.977
1652414580,+3.50,+24.090, +0.035,+0.977
1652414640,+3.50,+24.073, +0.035,+0.977
1652414700,+3.50,+24.065, +0.035,+0.977
1652414760,+3.50,+24.048, +0.035,+0.978
1652414820,+3.50,+24.040, +0.034,+0.978
1652414880,+3.50,+24.031, +0.034,+0.977
1652414940,+3.50,+24.031, +0.034,+0.977
1652415000,+3.50,+24.006, +0.034,+0.978
1652415060,+3.50,+23.981, +0.034,+0.978
1652415120,+3.50,+23.964, +0.034,+0.978
1652415180,+3.50,+23.964, +0.035,+0.978
1652415240,+3.50,+23.964, +0.034,+0.978
1652415300,+3.50,+23.947, +0.034,+0.978
1652415360,+3.50,+23.922, +0.034,+0.978
1652415420,+3.50,+23.897, +0.033,+0.978
1652415480,+3.50,+23.889, +0.034,+0.978
1652415540,+3.50,+23.880, +0.034,+0.978
1652415600,+3.50,+23.880, +0.034,+0.978
1652415660,+3.50,+23.855, +0.034,+0.978
1652415720,+3.50,+23.855, +0.034,+0.978
1652415780,+3.50,+23.813, +0.034,+0.978
1652415840,+3.50,+23.813, +0.034,+0.978
1652415900,+3.50,+23.813, +0.033,+0.978
1652415960,+3.50,+23.780, +0.033,+0.978
1652416020,+3.50,+23.771, +0.034,+0.978
1652416080,+3.50,+23.763, +0.033,+0.978
1652416140,+3.50,+23.738, +0.034,+0.978
1652416200,+3.50,+23.713, +0.034,+0.978
1652416260,+3.50,+23.713, +0.034,+0.978
1652416320,+3.50,+23.704, +0.034,+0.978
1652416380,+3.50,+23.671, +0.033,+0.978
1652416440,+3.50,+23.646, +0.034,+0.978
1652416500,+3.50,+23.629, +0.033,+0.978
1652416560,+3.50,+23.612, +0.034,+0.978
1652416620,+3.50,+23.587, +0.033,+0.978
1652416680,+3.50,+23.587, +0.034,+0.978
1652416740,+3.50,+23.579, +0.033,+0.978
1652416800,+3.50,+23.570, +0.034,+0.978
1652416860,+3.50,+23.554, +0.033,+0.978
1652416920,+3.50,+23.528, +0.034,+0.978
1652416980,+3.50,+23.520, +0.034,+0.978
1652417040,+3.50,+23.528, +0.034,+0.978
1652417100,+3.50,+23.528, +0.034,+0.978
1652417160,+3.50,+23.495, +0.034,+0.978
1652417220,+3.50,+23.503, +0.034,+0.978
1652417280,+3.50,+23.461, +0.033,+0.978
1652417340,+3.50,+23.445, +0.034,+0.978
1652417400,+3.50,+23.420, +0.033,+0.978
1652417460,+3.50,+23.420, +0.034,+0.978
1652417520,+3.50,+23.394, +0.034,+0.978
1652417580,+3.50,+23.394, +0.034,+0.978
1652417640,+3.50,+23.394, +0.034,+0.978
1652417700,+3.50,+23.386, +0.034,+0.978
1652417760,+3.50,+23.361, +0.033,+0.978
1652417820,+3.50,+23.336, +0.034,+0.978
1652417880,+3.50,+23.328, +0.034,+0.978
1652417940,+3.50,+23.319, +0.034,+0.978
1652418000,+3.50,+23.311, +0.034,+0.978
1652418060,+3.50,+23.294, +0.033,+0.978
1652418120,+3.50,+23.252, +0.034,+0.978
1652418180,+3.50,+23.269, +0.034,+0.978
1652418240,+3.50,+23.227, +0.034,+0.978
1652418300,+3.50,+23.227, +0.034,+0.978
1652418360,+3.50,+23.227, +0.034,+0.978
1652418420,+3.50,+23.210, +0.033,+0.978
1652418480,+3.50,+23.194, +0.034,+0.978
1652418540,+3.50,+23.185, +0.034,+0.978
1652418600,+3.50,+23.177, +0.034,+0.978
1652418660,+3.50,+23.152, +0.034,+0.978
1652418720,+3.50,+23.143, +0.034,+0.978
1652418780,+3.50,+23.143, +0.034,+0.978
1652418840,+3.50,+23.135, +0.034,+0.978
1652418900,+3.50,+23.102, +0.034,+0.978
1652418960,+3.50,+23.085, +0.035,+0.978
1652419020,+3.50,+23.093, +0.034,+0.978
1652419080,+3.50,+23.076, +0.034,+0.978
1652419140,+3.50,+23.060, +0.034,+0.978
1652419200,+3.50,+23.035, +0.035,+0.978
1652419260,+3.50,+23.035, +0.035,+0.978
1652419320,+3.50,+23.035, +0.034,+0.978
1652419380,+3.50,+23.009, +0.034,+0.978
1652419440,+3.50,+22.984, +0.034,+0.978
1652419500,+3.50,+22.993, +0.034,+0.978
1652419560,+3.50,+23.001, +0.034,+0.978
1652419620,+3.50,+22.993, +0.035,+0.978
1652419680,+3.50,+22.968, +0.034,+0.978
1652419740,+3.50,+22.951, +0.034,+0.978
1652419800,+3.50,+22.934, +0.034,+0.978
1652419860,+3.50,+22.926, +0.034,+0.978
1652419920,+3.50,+22.909, +0.034,+0.978
1652419980,+3.50,+22.909, +0.034,+0.978
1652420040,+3.50,+22.892, +0.034,+0.978
1652420100,+3.50,+22.892, +0.034,+0.978
1652420160,+3.50,+22.867, +0.035,+0.978
1652420220,+3.50,+22.842, +0.035,+0.978
1652420280,+3.50,+22.842, +0.034,+0.978
1652420340,+3.50,+22.825, +0.034,+0.978
1652420400,+3.50,+22.800, +0.035,+0.978
1652420460,+3.50,+22.800, +0.035,+0.978
1652420520,+3.50,+22.792, +0.035,+0.978
1652420580,+3.50,+22.792, +0.034,+0.978
1652420640,+3.50,+22.775, +0.035,+0.978
1652420700,+3.50,+22.758, +0.035,+0.978
1652420760,+3.50,+22.733, +0.035,+0.978
1652420820,+3.50,+22.725, +0.035,+0.978
1652420880,+3.50,+22.717, +0.035,+0.978
1652420940,+3.50,+22.725, +0.035,+0.978
1652421000,+3.50,+22.717, +0.035,+0.978
1652421060,+3.50,+22.692, +0.035,+0.977
1652421120,+3.50,+22.675, +0.035,+0.978
1652421180,+3.50,+22.658, +0.035,+0.977
1652421240,+3.50,+22.633, +0.035,+0.977
1652421300,+3.50,+22.633, +0.035,+0.977
1652421360,+3.50,+22.625, +0.035,+0.977
1652421420,+3.50,+22.633, +0.036,+0.978
1652421480,+3.50,+22.600, +0.035,+0.978
1652421540,+3.50,+22.616, +0.035,+0.977
1652421600,+3.50,+22.591, +0.035,+0.977
1652421660,+3.50,+22.583, +0.035,+0.977
1652421720,+3.50,+22.591, +0.035,+0.977
1652421780,+3.50,+22.574, +0.036,+0.977
1652421840,+3.50,+22.549, +0.035,+0.977
1652421900,+3.50,+22.533, +0.036,+0.977
1652421960,+3.50,+22.533, +0.035,+0.977
1652422020,+3.50,+22.533, +0.036,+0.977
1652422080,+3.50,+22.524, +0.035,+0.977
1652422140,+3.50,+22.516, +0.035,+0.977
1652422200,+3.50,+22.516, +0.036,+0.977
1652422260,+3.50,+22.516, +0.036,+0.978
1652422320,+3.50,+22.482, +0.035,+0.977
1652422380,+3.50,+22.466, +0.036,+0.977
1652422440,+3.50,+22.457, +0.036,+0.977
1652422500,+3.50,+22.441, +0.036,+0.977
1652422560,+3.50,+22.441, +0.035,+0.977
1652422620,+3.50,+22.449, +0.035,+0.977
1652422680,+3.50,+22.424, +0.036,+0.977
1652422740,+3.50,+22.416, +0.035,+0.977
1652422800,+3.50,+22.399, +0.036,+0.977
1652422860,+3.50,+22.391, +0.036,+0.977
1652422920,+3.50,+22.382, +0.036,+0.977
1652422980,+3.50,+22.365, +0.036,+0.977
1652423040,+3.50,+22.340, +0.036,+0.977
1652423100,+3.50,+22.340, +0.036,+0.977
1652423160,+3.50,+22.332, +0.035,+0.977
1652423220,+3.50,+22.332, +0.036,+0.977
1652423280,+3.50,+22.332, +0.035,+0.977
1652423340,+3.50,+22.324, +0.037,+0.977
1652423400,+3.50,+22.315, +0.036,+0.977
1652423460,+3.50,+22.299, +0.036,+0.977
1652423520,+3.50,+22.315, +0.036,+0.977
1652423580,+3.50,+22.282, +0.036,+0.977
1652423640,+3.50,+22.299, +0.036,+0.977
1652423700,+3.50,+22.273, +0.036,+0.977
1652423760,+3.50,+22.257, +0.036,+0.977
1652423820,+3.50,+22.265, +0.036,+0.977
1652423880,+3.50,+22.248, +0.036,+0.977
1652423940,+3.50,+22.223, +0.037,+0.977
1652424000,+3.50,+22.215, +0.036,+0.977
1652424060,+3.50,+22.215, +0.037,+0.977
1652424120,+3.50,+22.223, +0.036,+0.977
1652424180,+3.50,+22.215, +0.036,+0.977
1652424240,+3.50,+22.207, +0.037,+0.977
1652424300,+3.50,+22.173, +0.037,+0.977
1652424360,+3.50,+22.173, +0.036,+0.977
1652424420,+3.50,+22.165, +0.036,+0.977
1652424480,+3.50,+22.156, +0.037,+0.977
1652424540,+3.50,+22.131, +0.036,+0.977
1652424600,+3.50,+22.156, +0.036,+0.977
1652424660,+3.50,+22.140, +0.037,+0.977
1652424720,+3.49,+22.115, +0.036,+0.977
1652424780,+3.49,+22.123, +0.037,+0.977
1652424840,+3.49,+22.123, +0.036,+0.977
1652424900,+3.49,+22.098, +0.036,+0.977
1652424960,+3.49,+22.081, +0.037,+0.977
1652425020,+3.49,+22.098, +0.037,+0.977
1652425080,+3.49,+22.081, +0.037,+0.977
1652425140,+3.49,+22.081, +0.037,+0.977
1652425200,+3.49,+22.073, +0.037,+0.977
1652425260,+3.49,+22.039, +0.037,+0.977
1652425320,+3.49,+22.073, +0.037,+0.977
1652425380,+3.49,+22.048, +0.036,+0.977
1652425440,+3.49,+22.048, +0.037,+0.977
1652425500,+3.49,+22.023, +0.037,+0.977
1652425560,+3.49,+22.023, +0.037,+0.977
1652425620,+3.49,+22.014, +0.036,+0.977
1652425680,+3.49,+22.031, +0.036,+0.977
1652425740,+3.49,+22.014, +0.036,+0.977
1652425800,+3.49,+22.014, +0.037,+0.977
1652425860,+3.49,+21.972, +0.037,+0.977
1652425920,+3.49,+21.981, +0.037,+0.977
1652425980,+3.49,+21.989, +0.036,+0.977
1652426040,+3.49,+21.964, +0.036,+0.977
1652426100,+3.49,+21.964, +0.037,+0.977
1652426160,+3.49,+21.947, +0.037,+0.977
1652426220,+3.49,+21.956, +0.036,+0.977
1652426280,+3.49,+21.947, +0.036,+0.977
1652426340,+3.49,+21.931, +0.037,+0.977
1652426400,+3.49,+21.931, +0.036,+0.977
1652426460,+3.49,+21.914, +0.036,+0.977
1652426520,+3.49,+21.914, +0.037,+0.977
1652426580,+3.49,+21.906, +0.037,+0.977
1652426640,+3.49,+21.897, +0.037,+0.977
1652426700,+3.49,+21.906, +0.037,+0.977
1652426760,+3.49,+21.889, +0.037,+0.977
1652426820,+3.49,+21.881, +0.037,+0.977
1652426880,+3.49,+21.864, +0.037,+0.977
1652426940,+3.49,+21.855, +0.037,+0.977
1652427000,+3.49,+21.847, +0.037,+0.977
1652427060,+3.49,+21.847, +0.037,+0.977
1652427120,+3.49,+21.855, +0.037,+0.977
1652427180,+3.49,+21.847, +0.036,+0.977
1652427240,+3.49,+21.839, +0.037,+0.977
1652427300,+3.49,+21.830, +0.036,+0.977
1652427360,+3.49,+21.805, +0.037,+0.977
1652427420,+3.49,+21.789, +0.037,+0.977
1652427480,+3.49,+21.814, +0.037,+0.977
1652427540,+3.49,+21.805, +0.037,+0.977
1652427600,+3.49,+21.797, +0.037,+0.977
1652427660,+3.49,+21.772, +0.036,+0.977
1652427720,+3.49,+21.772, +0.037,+0.977
1652427780,+3.49,+21.772, +0.037,+0.977
1652427840,+3.49,+21.764, +0.037,+0.977
1652427900,+3.49,+21.764, +0.037,+0.977
1652427960,+3.49,+21.755, +0.037,+0.977
1652428020,+3.49,+21.764, +0.037,+0.977
1652428080,+3.49,+21.738, +0.037,+0.977
1652428140,+3.49,+21.722, +0.037,+0.977
1652428200,+3.49,+21.730, +0.037,+0.977
1652428260,+3.49,+21.730, +0.037,+0.977
1652428320,+3.49,+21.713, +0.037,+0.977
1652428380,+3.49,+21.713, +0.037,+0.977
1652428440,+3.49,+21.705, +0.037,+0.977
1652428500,+3.49,+21.688, +0.037,+0.977
1652428560,+3.49,+21.680, +0.037,+0.977
1652428620,+3.50,+21.663, +0.037,+0.977
1652428680,+3.50,+21.672, +0.037,+0.977
1652428740,+3.49,+21.655, +0.037,+0.977
1652428800,+3.49,+21.646, +0.037,+0.977
1652428860,+3.50,+21.646, +0.037,+0.977
1652428920,+3.50,+21.630, +0.038,+0.977
1652428980,+3.50,+21.638, +0.037,+0.977
1652429040,+3.50,+21.630, +0.037,+0.977
1652429100,+3.50,+21.613, +0.038,+0.977
1652429160,+3.50,+21.605, +0.037,+0.977
1652429220,+3.50,+21.605, +0.037,+0.977
1652429280,+3.50,+21.588, +0.037,+0.977
1652429340,+3.50,+21.605, +0.038,+0.977
1652429400,+3.50,+21.580, +0.037,+0.977
1652429460,+3.49,+21.596, +0.037,+0.977
1652429520,+3.50,+21.580, +0.037,+0.977
1652429580,+3.50,+21.580, +0.037,+0.977
1652429640,+3.50,+21.571, +0.037,+0.977
1652429700,+3.50,+21.538, +0.037,+0.977
1652429760,+3.50,+21.563, +0.038,+0.977
1652429820,+3.50,+21.546, +0.038,+0.977
1652429880,+3.50,+21.555, +0.038,+0.977
1652429940,+3.50,+21.529, +0.037,+0.977
1652430000,+3.50,+21.521, +0.037,+0.977
1652430060,+3.50,+21.504, +0.038,+0.977
1652430120,+3.50,+21.513, +0.037,+0.977
1652430180,+3.50,+21.488, +0.038,+0.977
1652430240,+3.50,+21.488, +0.038,+0.977
1652430300,+3.50,+21.496, +0.038,+0.977
1652430360,+3.50,+21.496, +0.037,+0.977
1652430420,+3.50,+21.471, +0.037,+0.977
1652430480,+3.50,+21.471, +0.037,+0.977
1652430540,+3.50,+21.488, +0.037,+0.977
1652430600,+3.50,+21.463, +0.038,+0.977
1652430660,+3.50,+21.446, +0.038,+0.977
1652430720,+3.50,+21.429, +0.037,+0.977
1652430780,+3.50,+21.429, +0.037,+0.977
1652430840,+3.50,+21.446, +0.038,+0.977
1652430900,+3.50,+21.412, +0.038,+0.977
1652430960,+3.50,+21.421, +0.038,+0.977
1652431020,+3.50,+21.421, +0.038,+0.977
1652431080,+3.50,+21.412, +0.037,+0.977
1652431140,+3.50,+21.429, +0.038,+0.977
1652431200,+3.50,+21.412, +0.037,+0.977
1652431260,+3.50,+21.404, +0.038,+0.977
1652431320,+3.50,+21.396, +0.037,+0.977
1652431380,+3.50,+21.379, +0.038,+0.977
1652431440,+3.50,+21.387, +0.037,+0.977
1652431500,+3.50,+21.371, +0.038,+0.977
1652431560,+3.50,+21.362, +0.038,+0.977
1652431620,+3.50,+21.354, +0.038,+0.977
1652431680,+3.50,+21.362, +0.037,+0.977
1652431740,+3.50,+21.346, +0.038,+0.977
1652431800,+3.50,+21.346, +0.037,+0.977
1652431860,+3.50,+21.346, +0.038,+0.977
1652431920,+3.50,+21.337, +0.038,+0.977
1652431980,+3.50,+21.346, +0.038,+0.977
1652432040,+3.50,+21.337, +0.037,+0.977
1652432100,+3.50,+21.312, +0.037,+0.977
1652432160,+3.50,+21.320, +0.038,+0.977
1652432220,+3.50,+21.304, +0.037,+0.977
1652432280,+3.50,+21.287, +0.038,+0.977
1652432340,+3.50,+21.287, +0.038,+0.977
1652432400,+3.50,+21.295, +0.037,+0.977
1652432460,+3.50,+21.279, +0.038,+0.977
1652432520,+3.50,+21.295, +0.038,+0.977
1652432580,+3.50,+21.279, +0.037,+0.977
1652432640,+3.50,+21.304, +0.038,+0.977
1652432700,+3.50,+21.270, +0.038,+0.977
1652432760,+3.50,+21.270, +0.038,+0.977
1652432820,+3.50,+21.279, +0.038,+0.977
1652432880,+3.50,+21.262, +0.038,+0.977
1652432940,+3.50,+21.245, +0.038,+0.977
1652433000,+3.50,+21.245, +0.038,+0.977
1652433060,+3.50,+21.237, +0.038,+0.977
1652433120,+3.50,+21.245, +0.038,+0.977
1652433180,+3.50,+21.245, +0.037,+0.977
1652433240,+3.50,+21.229, +0.038,+0.977
1652433300,+3.50,+21.254, +0.037,+0.977
1652433360,+3.50,+21.220, +0.038,+0.977
1652433420,+3.50,+21.237, +0.038,+0.977
1652433480,+3.50,+21.220, +0.038,+0.977
1652433540,+3.50,+21.212, +0.038,+0.977
1652433600,+3.50,+21.203, +0.038,+0.977
1652433660,+3.50,+21.195, +0.038,+0.977
1652433720,+3.50,+21.187, +0.037,+0.977
1652433780,+3.49,+21.178, +0.038,+0.977
1652433840,+3.50,+21.170, +0.038,+0.977
1652433900,+3.50,+21.153, +0.038,+0.977
1652433960,+3.49,+21.162, +0.038,+0.977
1652434020,+3.50,+21.170, +0.038,+0.977
1652434080,+3.49,+21.153, +0.038,+0.977
1652434140,+3.50,+21.162, +0.038,+0.977
1652434200,+3.50,+21.162, +0.038,+0.977
1652434260,+3.49,+21.145, +0.039,+0.977
1652434320,+3.49,+21.145, +0.038,+0.977
1652434380,+3.49,+21.145, +0.038,+0.977
1652434440,+3.49,+21.128, +0.038,+0.977
1652434500,+3.49,+21.120, +0.039,+0.977
1652434560,+3.49,+21.128, +0.038,+0.977
1652434620,+3.49,+21.120, +0.037,+0.977
1652434680,+3.49,+21.111, +0.038,+0.977
1652434740,+3.49,+21.103, +0.037,+0.977
1652434800,+3.49,+21.095, +0.037,+0.977
1652434860,+3.49,+21.103, +0.038,+0.977
1652434920,+3.49,+21.086, +0.038,+0.977
1652434980,+3.49,+21.095, +0.038,+0.977
1652435040,+3.49,+21.078, +0.039,+0.977
1652435100,+3.49,+21.070, +0.038,+0.977
1652435160,+3.49,+21.061, +0.038,+0.977
1652435220,+3.49,+21.078, +0.038,+0.977
1652435280,+3.49,+21.070, +0.038,+0.977
1652435340,+3.49,+21.061, +0.039,+0.977
1652435400,+3.49,+21.070, +0.038,+0.977
1652435460,+3.49,+21.061, +0.037,+0.977
1652435520,+3.49,+21.061, +0.038,+0.977
1652435580,+3.49,+21.053, +0.037,+0.977
1652435640,+3.49,+21.036, +0.038,+0.977
1652435700,+3.49,+21.045, +0.038,+0.977
1652435760,+3.49,+21.053, +0.038,+0.977
1652435820,+3.49,+21.028, +0.039,+0.977
1652435880,+3.49,+21.028, +0.038,+0.977
1652435940,+3.49,+21.011, +0.038,+0.977
1652436000,+3.49,+21.003, +0.038,+0.977
1652436060,+3.49,+21.011, +0.038,+0.977
1652436120,+3.49,+21.003, +0.038,+0.977
1652436180,+3.49,+20.994, +0.038,+0.977
1652436240,+3.49,+20.994, +0.038,+0.977
1652436300,+3.49,+20.994, +0.038,+0.977
1652436360,+3.49,+20.994, +0.039,+0.977
1652436420,+3.49,+20.986, +0.038,+0.977
1652436480,+3.49,+20.986, +0.038,+0.977
1652436540,+3.49,+20.986, +0.038,+0.977
1652436600,+3.49,+20.969, +0.038,+0.977
1652436660,+3.49,+20.986, +0.038,+0.977
1652436720,+3.49,+20.978, +0.038,+0.977
1652436780,+3.49,+20.953, +0.038,+0.977
1652436840,+3.49,+20.978, +0.039,+0.977
1652436900,+3.49,+20.969, +0.038,+0.977
1652436960,+3.49,+20.953, +0.037,+0.977
1652437020,+3.49,+20.969, +0.039,+0.977
1652437080,+3.49,+20.953, +0.038,+0.977
1652437140,+3.49,+20.944, +0.038,+0.977
1652437200,+3.49,+20.928, +0.038,+0.977
1652437260,+3.49,+20.919, +0.038,+0.977
1652437320,+3.49,+20.936, +0.038,+0.977
1652437380,+3.49,+20.919, +0.038,+0.977
1652437440,+3.49,+20.928, +0.038,+0.977
1652437500,+3.49,+20.928, +0.039,+0.977
1652437560,+3.49,+20.911, +0.039,+0.977
1652437620,+3.49,+20.911, +0.038,+0.977
1652437680,+3.49,+20.911, +0.038,+0.977
1652437740,+3.49,+20.911, +0.039,+0.977
1652437800,+3.49,+20.911, +0.039,+0.977
1652437860,+3.49,+20.894, +0.039,+0.977
1652437920,+3.49,+20.877, +0.038,+0.977
1652437980,+3.49,+20.869, +0.038,+0.977
1652438040,+3.49,+20.877, +0.038,+0.977
1652438100,+3.49,+20.877, +0.038,+0.977
1652438160,+3.49,+20.869, +0.038,+0.977
1652438220,+3.49,+20.877, +0.038,+0.977
1652438280,+3.49,+20.869, +0.039,+0.977
1652438340,+3.49,+20.877, +0.039,+0.977
1652438400,+3.49,+20.869, +0.038,+0.977
1652438460,+3.49,+20.861, +0.039,+0.977
1652438520,+3.49,+20.877, +0.038,+0.977
1652438580,+3.49,+20.836, +0.038,+0.977
1652438640,+3.49,+20.852, +0.039,+0.977
1652438700,+3.49,+20.827, +0.038,+0.977
1652438760,+3.49,+20.861, +0.038,+0.977
1652438820,+3.49,+20.836, +0.038,+0.977
1652438880,+3.49,+20.827, +0.039,+0.977
1652438940,+3.49,+20.836, +0.038,+0.977
1652439000,+3.49,+20.844, +0.039,+0.977
1652439060,+3.49,+20.827, +0.039,+0.977
1652439120,+3.49,+20.827, +0.038,+0.977
1652439180,+3.49,+20.819, +0.039,+0.977
1652439240,+3.49,+20.802, +0.039,+0.977
1652439300,+3.49,+20.810, +0.039,+0.977
1652439360,+3.49,+20.819, +0.039,+0.977
1652439420,+3.49,+20.802, +0.038,+0.977
1652439480,+3.49,+20.810, +0.039,+0.977
1652439540,+3.49,+20.802, +0.039,+0.977
1652439600,+3.49,+20.785, +0.039,+0.977
1652439660,+3.49,+20.794, +0.038,+0.977
1652439720,+3.49,+20.794, +0.039,+0.977
1652439780,+3.49,+20.810, +0.039,+0.977
1652439840,+3.49,+20.802, +0.038,+0.977
1652439900,+3.49,+20.794, +0.038,+0.977
1652439960,+3.49,+20.785, +0.039,+0.977
1652440020,+3.49,+20.760, +0.039,+0.977
1652440080,+3.49,+20.769, +0.038,+0.977
1652440140,+3.49,+20.752, +0.038,+0.977
1652440200,+3.49,+20.769, +0.038,+0.977
1652440260,+3.49,+20.760, +0.039,+0.977
1652440320,+3.49,+20.760, +0.038,+0.977
1652440380,+3.49,+20.744, +0.038,+0.977
1652440440,+3.49,+20.769, +0.038,+0.977
1652440500,+3.49,+20.727, +0.038,+0.977
1652440560,+3.49,+20.735, +0.039,+0.977
1652440620,+3.49,+20.744, +0.039,+0.977
1652440680,+3.49,+20.752, +0.038,+0.977
1652440740,+3.49,+20.744, +0.038,+0.977
1652440800,+3.49,+20.760, +0.038,+0.977
1652440860,+3.49,+20.718, +0.038,+0.977
1652440920,+3.49,+20.744, +0.038,+0.977
1652440980,+3.49,+20.727, +0.039,+0.977
1652441040,+3.49,+20.735, +0.038,+0.977
1652441100,+3.49,+20.744, +0.038,+0.977
1652441160,+3.49,+20.702, +0.038,+0.977
1652441220,+3.49,+20.710, +0.039,+0.977
1652441280,+3.49,+20.710, +0.039,+0.977
1652441340,+3.49,+20.710, +0.038,+0.977
1652441400,+3.49,+20.693, +0.038,+0.977
1652441460,+3.49,+20.710, +0.038,+0.977
1652441520,+3.49,+20.693, +0.038,+0.977
1652441580,+3.49,+20.685, +0.038,+0.977
1652441640,+3.49,+20.685, +0.039,+0.977
1652441700,+3.49,+20.685, +0.038,+0.977
1652441760,+3.49,+20.685, +0.038,+0.977
1652441820,+3.49,+20.685, +0.039,+0.977
1652441880,+3.49,+20.677, +0.038,+0.977
1652441940,+3.49,+20.685, +0.039,+0.977
1652442000,+3.49,+20.660, +0.039,+0.977
1652442060,+3.49,+20.677, +0.039,+0.977
1652442120,+3.49,+20.677, +0.039,+0.977
1652442180,+3.49,+20.668, +0.039,+0.977
1652442240,+3.49,+20.668, +0.038,+0.977
1652442300,+3.49,+20.668, +0.038,+0.977
1652442360,+3.49,+20.660, +0.039,+0.977
1652442420,+3.49,+20.660, +0.039,+0.977
1652442480,+3.49,+20.668, +0.038,+0.977
1652442540,+3.49,+20.668, +0.038,+0.977
1652442600,+3.49,+20.635, +0.038,+0.977
1652442660,+3.49,+20.660, +0.039,+0.977
1652442720,+3.49,+20.643, +0.038,+0.977
1652442780,+3.49,+20.635, +0.039,+0.977
1652442840,+3.49,+20.643, +0.039,+0.977
1652442900,+3.49,+20.635, +0.039,+0.977
1652442960,+3.49,+20.635, +0.039,+0.977
1652443020,+3.49,+20.635, +0.039,+0.977
1652443080,+3.49,+20.618, +0.039,+0.977
1652443140,+3.49,+20.643, +0.038,+0.977
1652443200,+3.49,+20.626, +0.039,+0.977
1652443260,+3.49,+20.635, +0.039,+0.977
1652443320,+3.49,+20.618, +0.040,+0.977
1652443380,+3.49,+20.610, +0.039,+0.977
1652443440,+3.49,+20.610, +0.039,+0.977
1652443500,+3.49,+20.626, +0.039,+0.977
1652443560,+3.49,+20.618, +0.039,+0.977
1652443620,+3.49,+20.610, +0.039,+0.977
1652443680,+3.49,+20.618, +0.039,+0.977
1652443740,+3.49,+20.601, +0.038,+0.977
1652443800,+3.49,+20.601, +0.039,+0.977
1652443860,+3.49,+20.610, +0.039,+0.977
1652443920,+3.49,+20.593, +0.039,+0.977
1652443980,+3.49,+20.601, +0.039,+0.977
1652444040,+3.49,+20.601, +0.039,+0.977
1652444100,+3.49,+20.593, +0.039,+0.977
1652444160,+3.49,+20.601, +0.039,+0.977
1652444220,+3.49,+20.593, +0.038,+0.977
1652444280,+3.49,+20.601, +0.038,+0.977
1652444340,+3.49,+20.576, +0.038,+0.977
1652444400,+3.49,+20.585, +0.039,+0.977
1652444460,+3.49,+20.593, +0.038,+0.977
1652444520,+3.49,+20.585, +0.039,+0.977
1652444580,+3.49,+20.568, +0.038,+0.977
1652444640,+3.49,+20.568, +0.038,+0.977
1652444700,+3.49,+20.560, +0.039,+0.977
1652444760,+3.49,+20.568, +0.038,+0.977
1652444820,+3.49,+20.560, +0.039,+0.977
1652444880,+3.49,+20.560, +0.038,+0.977
1652444940,+3.49,+20.568, +0.039,+0.977
1652445000,+3.49,+20.543, +0.039,+0.977
1652445060,+3.49,+20.543, +0.038,+0.977
1652445120,+3.49,+20.551, +0.039,+0.977
1652445180,+3.49,+20.551, +0.039,+0.977
1652445240,+3.49,+20.551, +0.038,+0.977
1652445300,+3.49,+20.560, +0.039,+0.977
1652445360,+3.49,+20.543, +0.039,+0.977
1652445420,+3.49,+20.560, +0.039,+0.977
1652445480,+3.49,+20.543, +0.038,+0.977
1652445540,+3.49,+20.551, +0.039,+0.977
1652445600,+3.49,+20.560, +0.038,+0.977
1652445660,+3.49,+20.543, +0.039,+0.977
1652445720,+3.49,+20.534, +0.038,+0.977
1652445780,+3.49,+20.534, +0.039,+0.977
1652445840,+3.49,+20.543, +0.039,+0.977
1652445900,+3.49,+20.551, +0.039,+0.977
1652445960,+3.49,+20.534, +0.038,+0.977
1652446020,+3.49,+20.518, +0.039,+0.977
1652446080,+3.49,+20.526, +0.039,+0.977
1652446140,+3.49,+20.534, +0.039,+0.977
1652446200,+3.49,+20.518, +0.039,+0.977
1652446260,+3.49,+20.526, +0.039,+0.977
1652446320,+3.49,+20.493, +0.039,+0.977
1652446380,+3.49,+20.501, +0.039,+0.977
1652446440,+3.49,+20.509, +0.039,+0.977
1652446500,+3.49,+20.509, +0.039,+0.977
1652446560,+3.49,+20.493, +0.039,+0.977
1652446620,+3.49,+20.501, +0.039,+0.977
1652446680,+3.49,+20.484, +0.039,+0.977
1652446740,+3.49,+20.509, +0.039,+0.977
1652446800,+3.49,+20.476, +0.039,+0.977
1652446860,+3.49,+20.509, +0.038,+0.977
1652446920,+3.49,+20.501, +0.039,+0.977
1652446980,+3.49,+20.484, +0.040,+0.977
1652447040,+3.49,+20.484, +0.039,+0.977
1652447100,+3.49,+20.476, +0.039,+0.977
1652447160,+3.49,+20.493, +0.039,+0.977
1652447220,+3.49,+20.476, +0.039,+0.977
1652447280,+3.49,+20.468, +0.039,+0.977
1652447340,+3.49,+20.484, +0.038,+0.977
1652447400,+3.49,+20.468, +0.039,+0.977
1652447460,+3.49,+20.476, +0.039,+0.977
1652447520,+3.49,+20.459, +0.039,+0.977
1652447580,+3.49,+20.451, +0.039,+0.977
1652447640,+3.49,+20.442, +0.039,+0.977
1652447700,+3.49,+20.459, +0.039,+0.977
1652447760,+3.49,+20.442, +0.039,+0.977
1652447820,+3.49,+20.468, +0.038,+0.977
1652447880,+3.49,+20.451, +0.039,+0.977
1652447940,+3.49,+20.468, +0.039,+0.977
1652448000,+3.49,+20.442, +0.039,+0.977
1652448060,+3.49,+20.451, +0.039,+0.977
1652448120,+3.49,+20.442, +0.040,+0.977
1652448180,+3.49,+20.426, +0.039,+0.977
1652448240,+3.49,+20.451, +0.040,+0.977
1652448300,+3.49,+20.434, +0.039,+0.977
1652448360,+3.49,+20.442, +0.039,+0.977
1652448420,+3.49,+20.426, +0.039,+0.977
1652448480,+3.49,+20.442, +0.038,+0.977
1652448540,+3.49,+20.434, +0.039,+0.977
1652448600,+3.49,+20.417, +0.039,+0.977
1652448660,+3.49,+20.442, +0.039,+0.977
1652448720,+3.49,+20.426, +0.039,+0.977
1652448780,+3.49,+20.426, +0.039,+0.977
1652448840,+3.49,+20.442, +0.039,+0.977
1652448900,+3.49,+20.417, +0.039,+0.977
1652448960,+3.49,+20.417, +0.038,+0.977
1652449020,+3.49,+20.401, +0.039,+0.977
1652449080,+3.49,+20.392, +0.039,+0.977
1652449140,+3.49,+20.426, +0.039,+0.977
1652449200,+3.49,+20.392, +0.040,+0.977
1652449260,+3.49,+20.417, +0.039,+0.977
1652449320,+3.49,+20.401, +0.039,+0.977
1652449380,+3.49,+20.409, +0.038,+0.977
1652449440,+3.49,+20.401, +0.039,+0.977
1652449500,+3.49,+20.401, +0.039,+0.977
1652449560,+3.49,+20.392, +0.039,+0.977
1652449620,+3.49,+20.401, +0.039,+0.977
1652449680,+3.49,+20.401, +0.039,+0.977
1652449740,+3.49,+20.401, +0.039,+0.977
1652449800,+3.49,+20.384, +0.039,+0.977
1652449860,+3.49,+20.409, +0.039,+0.977
1652449920,+3.49,+20.392, +0.039,+0.977
1652449980,+3.49,+20.401, +0.039,+0.977
1652450040,+3.49,+20.392, +0.039,+0.977
1652450100,+3.49,+20.375, +0.039,+0.977
1652450160,+3.49,+20.384, +0.039,+0.977
1652450220,+3.49,+20.392, +0.039,+0.977
1652450280,+3.49,+20.375, +0.040,+0.977
1652450340,+3.49,+20.384, +0.039,+0.977
1652450400,+3.49,+20.384, +0.039,+0.977
1652450460,+3.49,+20.367, +0.040,+0.977
1652450520,+3.49,+20.367, +0.040,+0.977
1652450580,+3.49,+20.375, +0.039,+0.977
1652450640,+3.49,+20.384, +0.039,+0.977
1652450700,+3.49,+20.384, +0.039,+0.977
1652450760,+3.49,+20.367, +0.039,+0.977
1652450820,+3.49,+20.359, +0.039,+0.977
1652450880,+3.49,+20.384, +0.039,+0.977
1652450940,+3.49,+20.359, +0.039,+0.977
1652451000,+3.49,+20.375, +0.039,+0.977
1652451060,+3.49,+20.367, +0.040,+0.977
1652451120,+3.49,+20.359, +0.039,+0.977
1652451180,+3.49,+20.350, +0.039,+0.977
1652451240,+3.49,+20.334, +0.039,+0.977
1652451300,+3.49,+20.359, +0.039,+0.977
1652451360,+3.49,+20.342, +0.039,+0.977
1652451420,+3.49,+20.350, +0.039,+0.977
1652451480,+3.49,+20.359, +0.039,+0.977
1652451540,+3.49,+20.359, +0.039,+0.977
1652451600,+3.49,+20.350, +0.039,+0.977
1652451660,+3.49,+20.375, +0.039,+0.977
1652451720,+3.49,+20.350, +0.039,+0.977
1652451780,+3.49,+20.359, +0.039,+0.977
1652451840,+3.49,+20.325, +0.039,+0.977
1652451900,+3.49,+20.342, +0.039,+0.977
1652451960,+3.49,+20.334, +0.039,+0.977
1652452020,+3.49,+20.342, +0.039,+0.977
1652452080,+3.49,+20.334, +0.039,+0.977
1652452140,+3.49,+20.334, +0.039,+0.977
1652452200,+3.49,+20.359, +0.039,+0.977
1652452260,+3.49,+20.342, +0.039,+0.977
1652452320,+3.49,+20.334, +0.039,+0.977
1652452380,+3.49,+20.334, +0.039,+0.977
1652452440,+3.49,+20.334, +0.039,+0.977
1652452500,+3.49,+20.325, +0.039,+0.977
1652452560,+3.49,+20.317, +0.039,+0.977
1652452620,+3.49,+20.334, +0.039,+0.977
1652452680,+3.49,+20.309, +0.039,+0.977
1652452740,+3.49,+20.317, +0.040,+0.977
1652452800,+3.49,+20.300, +0.039,+0.977
1652452860,+3.49,+20.309, +0.039,+0.977
1652452920,+3.49,+20.317, +0.039,+0.977
1652452980,+3.49,+20.334, +0.039,+0.977
1652453040,+3.49,+20.309, +0.039,+0.977
1652453100,+3.49,+20.300, +0.039,+0.977
1652453160,+3.49,+20.309, +0.039,+0.977
1652453220,+3.49,+20.309, +0.039,+0.977
1652453280,+3.49,+20.325, +0.039,+0.977
1652453340,+3.49,+20.292, +0.039,+0.977
1652453400,+3.49,+20.292, +0.039,+0.977
1652453460,+3.49,+20.309, +0.039,+0.977
1652453520,+3.49,+20.309, +0.038,+0.977
1652453580,+3.49,+20.283, +0.039,+0.977
1652453640,+3.49,+20.300, +0.039,+0.977
1652453700,+3.49,+20.317, +0.038,+0.977
1652453760,+3.49,+20.283, +0.039,+0.977
1652453820,+3.49,+20.300, +0.039,+0.977
1652453880,+3.49,+20.300, +0.039,+0.977
1652453940,+3.49,+20.300, +0.039,+0.977
1652454000,+3.49,+20.292, +0.039,+0.977
1652454060,+3.49,+20.309, +0.039,+0.977
1652454120,+3.49,+20.292, +0.039,+0.977
1652454180,+3.49,+20.309, +0.039,+0.977
1652454240,+3.49,+20.300, +0.039,+0.977
1652454300,+3.49,+20.275, +0.039,+0.977
1652454360,+3.49,+20.283, +0.039,+0.977
1652454420,+3.49,+20.292, +0.039,+0.977
1652454480,+3.49,+20.267, +0.039,+0.977
1652454540,+3.49,+20.283, +0.039,+0.977
1652454600,+3.49,+20.283, +0.039,+0.977
1652454660,+3.49,+20.292, +0.039,+0.977
1652454720,+3.49,+20.275, +0.039,+0.977
1652454780,+3.49,+20.275, +0.039,+0.977
1652454840,+3.49,+20.267, +0.040,+0.977
1652454900,+3.49,+20.292, +0.040,+0.977
1652454960,+3.49,+20.275, +0.039,+0.977
1652455020,+3.49,+20.258, +0.039,+0.977
1652455080,+3.49,+20.275, +0.039,+0.977
1652455140,+3.49,+20.283, +0.039,+0.977
1652455200,+3.49,+20.267, +0.039,+0.977
1652455260,+3.49,+20.275, +0.039,+0.977
1652455320,+3.49,+20.292, +0.038,+0.977
1652455380,+3.49,+20.275, +0.039,+0.977
1652455440,+3.49,+20.275, +0.038,+0.977
1652455500,+3.49,+20.275, +0.039,+0.977
1652455560,+3.49,+20.250, +0.039,+0.977
1652455620,+3.49,+20.275, +0.038,+0.977
1652455680,+3.49,+20.242, +0.039,+0.977
1652455740,+3.48,+20.233, +0.039,+0.977
1652455800,+3.49,+20.250, +0.039,+0.977
1652455860,+3.49,+20.258, +0.040,+0.977
1652455920,+3.49,+20.267, +0.039,+0.977
1652455980,+3.49,+20.233, +0.040,+0.977
1652456040,+3.49,+20.250, +0.039,+0.977
1652456100,+3.48,+20.250, +0.039,+0.977
1652456160,+3.49,+20.258, +0.039,+0.977
1652456220,+3.49,+20.258, +0.039,+0.977
1652456280,+3.48,+20.242, +0.040,+0.977
1652456340,+3.48,+20.250, +0.039,+0.977
1652456400,+3.49,+20.242, +0.039,+0.977
1652456460,+3.49,+20.250, +0.039,+0.977
1652456520,+3.49,+20.242, +0.039,+0.977
1652456580,+3.49,+20.250, +0.038,+0.977
1652456640,+3.48,+20.242, +0.040,+0.977
1652456700,+3.49,+20.250, +0.039,+0.977
1652456760,+3.48,+20.242, +0.039,+0.977
1652456820,+3.49,+20.258, +0.039,+0.977
1652456880,+3.49,+20.258, +0.039,+0.977
1652456940,+3.49,+20.242, +0.039,+0.977
1652457000,+3.48,+20.233, +0.039,+0.977
1652457060,+3.48,+20.242, +0.040,+0.977
1652457120,+3.48,+20.250, +0.040,+0.977
1652457180,+3.49,+20.233, +0.040,+0.977
1652457240,+3.48,+20.225, +0.039,+0.977
1652457300,+3.49,+20.242, +0.039,+0.977
1652457360,+3.48,+20.225, +0.039,+0.977
1652457420,+3.48,+20.233, +0.038,+0.977
1652457480,+3.48,+20.233, +0.039,+0.977
1652457540,+3.48,+20.225, +0.039,+0.977
1652457600,+3.48,+20.225, +0.039,+0.977
1652457660,+3.49,+20.225, +0.039,+0.977
1652457720,+3.49,+20.225, +0.038,+0.977
1652457780,+3.48,+20.216, +0.039,+0.977
1652457840,+3.48,+20.225, +0.040,+0.977
1652457900,+3.48,+20.250, +0.039,+0.977
1652457960,+3.48,+20.200, +0.038,+0.977
1652458020,+3.48,+20.208, +0.038,+0.977
1652458080,+3.48,+20.208, +0.039,+0.977
1652458140,+3.48,+20.216, +0.040,+0.977
1652458200,+3.48,+20.233, +0.038,+0.977
1652458260,+3.48,+20.216, +0.039,+0.977
1652458320,+3.48,+20.200, +0.039,+0.977
1652458380,+3.48,+20.233, +0.039,+0.977
1652458440,+3.48,+20.200, +0.039,+0.977
1652458500,+3.48,+20.225, +0.039,+0.977
1652458560,+3.48,+20.216, +0.040,+0.977
1652458620,+3.48,+20.225, +0.039,+0.977
1652458680,+3.48,+20.225, +0.039,+0.977
1652458740,+3.48,+20.208, +0.039,+0.977
1652458800,+3.48,+20.225, +0.039,+0.977
1652458860,+3.48,+20.208, +0.040,+0.977
1652458920,+3.48,+20.200, +0.039,+0.977
1652458980,+3.48,+20.208, +0.039,+0.977
1652459040,+3.48,+20.200, +0.040,+0.977
1652459100,+3.48,+20.225, +0.039,+0.977
1652459160,+3.48,+20.200, +0.039,+0.977
1652459220,+3.48,+20.183, +0.039,+0.977
1652459280,+3.48,+20.191, +0.039,+0.977
1652459340,+3.48,+20.200, +0.039,+0.977
1652459400,+3.48,+20.225, +0.038,+0.977
1652459460,+3.48,+20.200, +0.039,+0.977
1652459520,+3.48,+20.208, +0.039,+0.977
1652459580,+3.48,+20.200, +0.040,+0.977
1652459640,+3.48,+20.208, +0.039,+0.977
1652459700,+3.48,+20.200, +0.039,+0.977
1652459760,+3.48,+20.191, +0.039,+0.977
1652459820,+3.48,+20.216, +0.040,+0.977
1652459880,+3.48,+20.200, +0.039,+0.977
1652459940,+3.48,+20.191, +0.039,+0.977
1652460000,+3.48,+20.200, +0.039,+0.977
1652460060,+3.48,+20.191, +0.039,+0.977
1652460120,+3.48,+20.191, +0.039,+0.977
1652460180,+3.48,+20.200, +0.039,+0.977
1652460240,+3.48,+20.191, +0.039,+0.977
1652460300,+3.48,+20.183, +0.039,+0.977
1652460360,+3.48,+20.166, +0.040,+0.977
1652460420,+3.48,+20.175, +0.039,+0.977
1652460480,+3.48,+20.183, +0.039,+0.977
1652460540,+3.48,+20.183, +0.039,+0.977
1652460600,+3.48,+20.175, +0.040,+0.977
1652460660,+3.48,+20.166, +0.040,+0.977
1652460720,+3.48,+20.175, +0.039,+0.977
1652460780,+3.48,+20.191, +0.039,+0.977
1652460840,+3.48,+20.191, +0.039,+0.977
1652460900,+3.48,+20.191, +0.039,+0.977
1652460960,+3.48,+20.200, +0.039,+0.977
1652461020,+3.48,+20.175, +0.039,+0.977
1652461080,+3.48,+20.175, +0.040,+0.977
1652461140,+3.48,+20.158, +0.039,+0.977
1652461200,+3.48,+20.175, +0.039,+0.977
1652461260,+3.48,+20.175, +0.039,+0.977
1652461320,+3.48,+20.166, +0.039,+0.977
1652461380,+3.48,+20.175, +0.039,+0.977
1652461440,+3.48,+20.183, +0.039,+0.977
1652461500,+3.48,+20.158, +0.040,+0.977
1652461560,+3.48,+20.175, +0.039,+0.977
1652461620,+3.48,+20.175, +0.039,+0.977
1652461680,+3.48,+20.175, +0.039,+0.977
1652461740,+3.48,+20.191, +0.039,+0.977
1652461800,+3.48,+20.158, +0.040,+0.977
1652461860,+3.48,+20.175, +0.039,+0.977
1652461920,+3.48,+20.175, +0.039,+0.977
1652461980,+3.48,+20.150, +0.039,+0.977
1652462040,+3.48,+20.166, +0.039,+0.977
1652462100,+3.48,+20.150, +0.040,+0.977
1652462160,+3.48,+20.166, +0.040,+0.977
1652462220,+3.48,+20.166, +0.039,+0.977
1652462280,+3.48,+20.158, +0.038,+0.977
1652462340,+3.48,+20.166, +0.039,+0.977
1652462400,+3.48,+20.141, +0.039,+0.977
1652462460,+3.48,+20.166, +0.039,+0.977
1652462520,+3.48,+20.158, +0.039,+0.977
1652462580,+3.48,+20.150, +0.039,+0.977
1652462640,+3.48,+20.166, +0.039,+0.977
1652462700,+3.48,+20.158, +0.038,+0.977
1652462760,+3.48,+20.158, +0.039,+0.977
1652462820,+3.48,+20.141, +0.040,+0.977
1652462880,+3.48,+20.158, +0.039,+0.977
1652462940,+3.48,+20.150, +0.040,+0.977
1652463000,+3.48,+20.133, +0.039,+0.977
1652463060,+3.48,+20.150, +0.039,+0.977
1652463120,+3.48,+20.166, +0.039,+0.977
1652463180,+3.48,+20.158, +0.039,+0.977
1652463240,+3.48,+20.141, +0.039,+0.977
1652463300,+3.48,+20.158, +0.039,+0.977
1652463360,+3.48,+20.133, +0.040,+0.977
1652463420,+3.48,+20.141, +0.039,+0.977
1652463480,+3.48,+20.141, +0.040,+0.977
1652463540,+3.48,+20.141, +0.039,+0.977
1652463600,+3.48,+20.158, +0.039,+0.977
1652463660,+3.48,+20.150, +0.040,+0.977
1652463720,+3.48,+20.141, +0.039,+0.977
1652463780,+3.48,+20.150, +0.039,+0.977
1652463840,+3.48,+20.133, +0.039,+0.977
1652463900,+3.48,+20.141, +0.039,+0.977
1652463960,+3.48,+20.150, +0.039,+0.977
1652464020,+3.48,+20.133, +0.039,+0.977
1652464080,+3.48,+20.141, +0.039,+0.977
1652464140,+3.48,+20.133, +0.039,+0.977
1652464200,+3.48,+20.150, +0.039,+0.977
1652464260,+3.48,+20.141, +0.040,+0.977
1652464320,+3.48,+20.141, +0.039,+0.977
1652464380,+3.48,+20.124, +0.039,+0.977
1652464440,+3.48,+20.124, +0.039,+0.977
1652464500,+3.48,+20.116, +0.040,+0.977
1652464560,+3.48,+20.133, +0.039,+0.977
1652464620,+3.48,+20.124, +0.039,+0.977
1652464680,+3.48,+20.108, +0.040,+0.977
1652464740,+3.48,+20.124, +0.039,+0.977
1652464800,+3.48,+20.124, +0.040,+0.977
1652464860,+3.48,+20.116, +0.039,+0.977
1652464920,+3.48,+20.124, +0.039,+0.977
1652464980,+3.48,+20.116, +0.040,+0.977
1652465040,+3.48,+20.141, +0.039,+0.977
1652465100,+3.48,+20.116, +0.039,+0.977
1652465160,+3.48,+20.124, +0.039,+0.977
1652465220,+3.48,+20.116, +0.040,+0.977
1652465280,+3.48,+20.124, +0.039,+0.977
1652465340,+3.48,+20.116, +0.039,+0.977
1652465400,+3.48,+20.108, +0.040,+0.977
1652465460,+3.48,+20.108, +0.039,+0.977
1652465520,+3.48,+20.124, +0.039,+0.977
1652465580,+3.48,+20.099, +0.040,+0.977
1652465640,+3.48,+20.116, +0.039,+0.977
1652465700,+3.48,+20.099, +0.040,+0.977
1652465760,+3.48,+20.108, +0.040,+0.977
1652465820,+3.48,+20.091, +0.040,+0.977
1652465880,+3.48,+20.116, +0.040,+0.977
1652465940,+3.48,+20.108, +0.040,+0.977
1652466000,+3.48,+20.116, +0.040,+0.977
1652466060,+3.48,+20.099, +0.039,+0.977
1652466120,+3.48,+20.108, +0.039,+0.977
1652466180,+3.48,+20.116, +0.039,+0.977
1652466240,+3.48,+20.124, +0.039,+0.977
1652466300,+3.48,+20.099, +0.040,+0.977
1652466360,+3.48,+20.091, +0.040,+0.977
1652466420,+3.48,+20.099, +0.039,+0.977
1652466480,+3.48,+20.091, +0.039,+0.977
1652466540,+3.48,+20.091, +0.039,+0.977
1652466600,+3.48,+20.083, +0.040,+0.977
1652466660,+3.48,+20.108, +0.039,+0.977
1652466720,+3.48,+20.083, +0.039,+0.977
1652466780,+3.48,+20.083, +0.039,+0.977
1652466840,+3.48,+20.091, +0.040,+0.977
1652466900,+3.48,+20.116, +0.039,+0.977
1652466960,+3.48,+20.099, +0.039,+0.977
1652467020,+3.48,+20.099, +0.040,+0.977
1652467080,+3.48,+20.108, +0.039,+0.977
1652467140,+3.48,+20.116, +0.039,+0.977
1652467200,+3.48,+20.116, +0.040,+0.977
1652467260,+3.48,+20.099, +0.040,+0.977
1652467320,+3.48,+20.099, +0.039,+0.977
1652467380,+3.48,+20.099, +0.040,+0.977
1652467440,+3.48,+20.083, +0.039,+0.977
1652467500,+3.48,+20.091, +0.039,+0.977
1652467560,+3.48,+20.108, +0.040,+0.977
1652467620,+3.48,+20.091, +0.040,+0.977
1652467680,+3.48,+20.083, +0.040,+0.977
1652467740,+3.48,+20.099, +0.039,+0.977
1652467800,+3.48,+20.091, +0.039,+0.977
1652467860,+3.48,+20.083, +0.040,+0.977
1652467920,+3.48,+20.099, +0.039,+0.977
1652467980,+3.48,+20.099, +0.039,+0.977
1652468040,+3.48,+20.083, +0.040,+0.977
1652468100,+3.48,+20.083, +0.040,+0.977
1652468160,+3.48,+20.091, +0.038,+0.977
1652468220,+3.48,+20.066, +0.039,+0.977
1652468280,+3.48,+20.074, +2.645,+1.003
1652468340,+3.48,+23.537, +8.441,+1.002
1652468400,+3.47,+25.216, +7.887,+0.997
1652468460,+3.47,+25.957, +7.714,+0.997
1652468520,+3.47,+27.533, +7.587,+0.999
1652468580,+3.47,+27.405, +7.514,+0.997
1652468640,+3.47,+27.201, +7.519,+0.997
1652468700,+3.47,+26.938, +7.582,+0.997
1652468760,+3.47,+26.616, +7.612,+0.996
1652468820,+3.47,+26.287, +7.651,+0.995
1652468880,+3.47,+26.008, +7.695,+0.996
1652468940,+3.47,+25.763, +7.724,+0.995
1652469000,+3.48,+25.502, +7.762,+0.995
1652469060,+3.47,+25.283, +7.819,+0.995
1652469120,+3.47,+25.098, +7.851,+0.996
1652469180,+3.47,+24.896, +7.864,+0.994
1652469240,+3.48,+24.736, +7.871,+0.994
1652469300,+3.48,+24.610, +7.896,+0.994
1652469360,+3.48,+24.468, +7.902,+0.994
1652469420,+3.48,+24.367, +7.924,+0.994
1652469480,+3.47,+24.249, +7.950,+0.994
1652469540,+3.47,+24.149, +7.966,+0.994
1652469600,+3.47,+24.048, +7.976,+0.994
1652469660,+3.48,+23.973, +7.978,+0.994
1652469720,+3.48,+23.906, +7.996,+0.994
1652469780,+3.48,+23.847, +8.004,+0.994
1652469840,+3.48,+23.797, +8.001,+0.994
1652469900,+3.48,+23.730, +8.023,+0.994
1652469960,+3.48,+23.688, +8.130,+0.993
1652470020,+3.48,+23.570, +8.104,+0.993
1652470080,+3.48,+23.503, +8.150,+0.994
1652470140,+3.48,+23.403, +8.178,+0.993
1652470200,+3.48,+23.336, +8.207,+0.993
1652470260,+3.48,+23.286, +8.202,+0.993
1652470320,+3.48,+23.177, +8.256,+0.993
1652470380,+3.47,+23.076, +8.282,+0.993
1652470440,+3.48,+22.968, +8.317,+0.993
1652470500,+3.48,+22.901, +8.315,+0.993
1652470560,+3.48,+22.842, +8.312,+0.993
1652470620,+3.48,+22.758, +8.319,+0.993
1652470680,+3.48,+22.708, +8.350,+0.993
1652470740,+3.48,+22.675, +8.357,+0.993
1652470800,+3.48,+22.625, +8.354,+0.993
1652470860,+3.48,+22.591, +8.357,+0.992
1652470920,+3.48,+22.574, +8.382,+0.993
1652470980,+3.48,+22.566, +8.364,+0.993
1652471040,+3.48,+22.524, +8.374,+0.993
1652471100,+3.48,+22.516, +8.346,+0.992
1652471160,+3.48,+22.499, +8.380,+0.993
1652471220,+3.48,+22.482, +8.365,+0.993
1652471280,+3.48,+22.482, +8.381,+0.994
1652471340,+3.48,+22.474, +8.391,+0.993
1652471400,+3.48,+22.491, +8.378,+0.993
1652471460,+3.48,+22.491, +8.382,+0.993
1652471520,+3.48,+22.474, +8.389,+0.993
