7450-184024
OS REV: 1.05 Sensor Cal: 1629386966
Time (sec),  BV (Volts),  T (deg C),  DO (mg/l),  Q ()
1652910060,+3.49,+19.844, +0.060,+0.937
1652910120,+3.49,+19.852, +0.060,+0.937
1652910180,+3.48,+19.852, +0.060,+0.937
1652910240,+3.48,+19.835, +0.060,+0.937
1652910300,+3.48,+19.861, +0.060,+0.937
1652910360,+3.49,+19.877, +0.060,+0.937
1652910420,+3.49,+19.877, +0.060,+0.937
1652910480,+3.49,+19.886, +0.060,+0.937
1652910540,+3.48,+19.877, +0.060,+0.937
1652910600,+3.49,+19.886, +0.060,+0.937
1652910660,+3.49,+19.894, +0.060,+0.937
1652910720,+3.48,+19.894, +0.061,+0.937
1652910780,+3.48,+19.902, +0.061,+0.937
1652910840,+3.49,+19.902, +0.060,+0.937
1652910900,+3.48,+19.902, +0.060,+0.937
1652910960,+3.49,+19.894, +0.060,+0.937
1652911020,+3.48,+19.902, +0.060,+0.937
1652911080,+3.49,+19.902, +0.060,+0.937
1652911140,+3.49,+19.911, +0.060,+0.937
1652911200,+3.49,+19.894, +0.060,+0.937
1652911260,+3.48,+19.919, +0.060,+0.937
1652911320,+3.48,+19.928, +0.060,+0.937
1652911380,+3.49,+19.928, +0.060,+0.937
1652911440,+3.49,+19.944, +0.060,+0.937
1652911500,+3.49,+19.953, +0.060,+0.937
1652911560,+3.48,+19.944, +0.060,+0.937
1652911620,+3.49,+19.953, +0.060,+0.937
1652911680,+3.49,+19.944, +0.060,+0.937
1652911740,+3.49,+19.944, +0.060,+0.937
1652911800,+3.48,+19.944, +0.061,+0.937
1652911860,+3.49,+19.953, +0.060,+0.937
1652911920,+3.48,+19.953, +0.060,+0.937
1652911980,+3.49,+19.969, +0.061,+0.937
1652912040,+3.49,+19.961, +0.060,+0.937
1652912100,+3.48,+19.961, +0.060,+0.937
1652912160,+3.49,+19.961, +0.060,+0.937
1652912220,+3.49,+19.986, +0.060,+0.937
1652912280,+3.49,+19.969, +0.060,+0.937
1652912340,+3.49,+19.969, +0.060,+0.937
1652912400,+3.49,+19.986, +0.060,+0.937
1652912460,+3.49,+20.003, +0.060,+0.937
1652912520,+3.49,+20.003, +0.060,+0.937
1652912580,+3.49,+19.995, +0.060,+0.937
1652912640,+3.49,+20.011, +0.061,+0.937
1652912700,+3.49,+19.986, +0.061,+0.937
1652912760,+3.49,+20.003, +0.060,+0.937
1652912820,+3.49,+20.003, +0.060,+0.937
1652912880,+3.49,+20.020, +0.060,+0.937
1652912940,+3.49,+20.020, +0.060,+0.937
1652913000,+3.49,+20.020, +0.060,+0.937
1652913060,+3.49,+20.028, +0.060,+0.937
1652913120,+3.49,+20.020, +0.060,+0.937
1652913180,+3.49,+20.045, +0.061,+0.937
1652913240,+3.49,+20.020, +0.060,+0.937
1652913300,+3.49,+20.036, +0.060,+0.937
1652913360,+3.49,+20.036, +0.060,+0.937
1652913420,+3.49,+20.053, +0.060,+0.937
1652913480,+3.49,+20.036, +0.060,+0.937
1652913540,+3.49,+20.062, +0.060,+0.937
1652913600,+3.49,+20.062, +0.061,+0.937
1652913660,+3.49,+20.062, +0.060,+0.937
1652913720,+3.49,+20.095, +0.060,+0.937
1652913780,+3.49,+20.087, +0.060,+0.937
1652913840,+3.49,+20.087, +0.060,+0.937
1652913900,+3.49,+20.087, +0.060,+0.937
1652913960,+3.49,+20.087, +0.060,+0.937
1652914020,+3.49,+20.087, +0.060,+0.937
1652914080,+3.49,+20.095, +0.060,+0.937
1652914140,+3.49,+20.103, +0.060,+0.937
1652914200,+3.49,+20.112, +0.060,+0.937
1652914260,+3.49,+20.112, +0.059,+0.937
1652914320,+3.49,+20.112, +0.059,+0.937
1652914380,+3.49,+20.129, +0.060,+0.937
1652914440,+3.49,+20.120, +0.060,+0.937
1652914500,+3.49,+20.129, +0.060,+0.937
1652914560,+3.49,+20.129, +0.060,+0.937
1652914620,+3.49,+20.137, +0.060,+0.937
1652914680,+3.49,+20.129, +0.060,+0.937
1652914740,+3.49,+20.154, +0.060,+0.937
1652914800,+3.49,+20.145, +0.060,+0.937
1652914860,+3.49,+20.154, +0.060,+0.937
1652914920,+3.49,+20.154, +0.060,+0.937
1652914980,+3.49,+20.162, +0.060,+0.937
1652915040,+3.49,+20.137, +0.060,+0.937
1652915100,+3.49,+20.154, +0.060,+0.937
1652915160,+3.49,+20.154, +0.060,+0.937
1652915220,+3.49,+20.170, +0.060,+0.937
1652915280,+3.49,+20.179, +0.060,+0.937
1652915340,+3.49,+20.196, +0.060,+0.937
1652915400,+3.49,+20.179, +0.060,+0.937
1652915460,+3.49,+20.187, +0.060,+0.937
1652915520,+3.49,+20.187, +0.060,+0.937
1652915580,+3.49,+20.221, +0.060,+0.937
1652915640,+3.49,+20.196, +0.060,+0.937
1652915700,+3.49,+20.204, +0.060,+0.937
1652915760,+3.49,+20.212, +0.060,+0.937
1652915820,+3.49,+20.229, +0.060,+0.937
1652915880,+3.49,+20.221, +0.060,+0.937
1652915940,+3.49,+20.221, +0.059,+0.937
1652916000,+3.49,+20.221, +0.060,+0.937
1652916060,+3.49,+20.246, +0.060,+0.937
1652916120,+3.49,+20.237, +0.059,+0.937
1652916180,+3.49,+20.229, +0.061,+0.937
1652916240,+3.49,+20.254, +0.060,+0.937
1652916300,+3.49,+20.246, +0.060,+0.937
1652916360,+3.49,+20.271, +0.059,+0.937
1652916420,+3.49,+20.254, +0.060,+0.937
1652916480,+3.49,+20.271, +0.059,+0.937
1652916540,+3.49,+20.262, +0.060,+0.937
1652916600,+3.49,+20.279, +0.059,+0.937
1652916660,+3.49,+20.279, +0.060,+0.937
1652916720,+3.49,+20.271, +0.060,+0.937
1652916780,+3.49,+20.296, +0.060,+0.937
1652916840,+3.49,+20.304, +0.060,+0.937
1652916900,+3.49,+20.288, +0.060,+0.937
1652916960,+3.49,+20.288, +0.060,+0.937
1652917020,+3.49,+20.304, +0.060,+0.937
1652917080,+3.49,+20.321, +0.060,+0.937
1652917140,+3.49,+20.329, +0.059,+0.937
1652917200,+3.49,+20.329, +0.060,+0.937
1652917260,+3.49,+20.329, +0.059,+0.937
1652917320,+3.49,+20.338, +0.060,+0.937
1652917380,+3.49,+20.355, +0.059,+0.937
1652917440,+3.49,+20.329, +0.060,+0.937
1652917500,+3.49,+20.363, +0.060,+0.937
1652917560,+3.49,+20.346, +0.060,+0.937
1652917620,+3.49,+20.355, +0.060,+0.937
1652917680,+3.49,+20.371, +0.059,+0.937
1652917740,+3.49,+20.371, +0.060,+0.937
1652917800,+3.49,+20.363, +0.060,+0.937
1652917860,+3.49,+20.380, +0.060,+0.937
1652917920,+3.49,+20.371, +0.060,+0.937
1652917980,+3.49,+20.380, +0.060,+0.937
1652918040,+3.49,+20.388, +0.060,+0.937
1652918100,+3.49,+20.413, +0.059,+0.937
1652918160,+3.49,+20.405, +0.059,+0.937
1652918220,+3.49,+20.405, +0.060,+0.937
1652918280,+3.49,+20.413, +0.060,+0.937
1652918340,+3.49,+20.413, +0.060,+0.937
1652918400,+3.49,+20.405, +0.060,+0.937
1652918460,+3.49,+20.413, +0.059,+0.937
1652918520,+3.49,+20.421, +0.059,+0.937
1652918580,+3.49,+20.438, +0.059,+0.937
1652918640,+3.49,+20.455, +0.060,+0.937
1652918700,+3.49,+20.438, +0.060,+0.937
1652918760,+3.49,+20.463, +0.060,+0.937
1652918820,+3.49,+20.480, +0.059,+0.937
1652918880,+3.49,+20.463, +0.060,+0.937
1652918940,+3.49,+20.472, +0.059,+0.937
1652919000,+3.49,+20.463, +0.060,+0.937
1652919060,+3.49,+20.488, +0.059,+0.937
1652919120,+3.49,+20.497, +0.060,+0.937
1652919180,+3.49,+20.497, +0.059,+0.937
1652919240,+3.49,+20.497, +0.060,+0.937
1652919300,+3.49,+20.497, +0.060,+0.937
1652919360,+3.49,+20.497, +0.059,+0.937
1652919420,+3.49,+20.514, +0.060,+0.937
1652919480,+3.49,+20.505, +0.060,+0.937
1652919540,+3.49,+20.530, +0.059,+0.937
1652919600,+3.49,+20.530, +0.059,+0.937
1652919660,+3.49,+20.547, +0.059,+0.937
1652919720,+3.49,+20.555, +0.059,+0.937
1652919780,+3.49,+20.555, +0.060,+0.937
1652919840,+3.49,+20.564, +0.060,+0.937
1652919900,+3.49,+20.564, +0.059,+0.937
1652919960,+3.49,+20.572, +0.059,+0.937
1652920020,+3.49,+20.589, +0.059,+0.937
1652920080,+3.49,+20.589, +0.060,+0.937
1652920140,+3.49,+20.614, +0.059,+0.937
1652920200,+3.49,+20.589, +0.059,+0.937
1652920260,+3.49,+20.622, +0.059,+0.937
1652920320,+3.49,+20.631, +0.059,+0.937
1652920380,+3.49,+20.614, +0.060,+0.937
1652920440,+3.49,+20.622, +0.059,+0.937
1652920500,+3.49,+20.639, +0.059,+0.937
1652920560,+3.49,+20.631, +0.059,+0.937
1652920620,+3.49,+20.656, +0.059,+0.937
1652920680,+3.49,+20.656, +0.060,+0.937
1652920740,+3.49,+20.647, +0.059,+0.937
1652920800,+3.49,+20.656, +0.059,+0.937
1652920860,+3.49,+20.664, +0.060,+0.937
1652920920,+3.49,+20.664, +0.059,+0.937
1652920980,+3.49,+20.681, +0.059,+0.937
1652921040,+3.49,+20.681, +0.059,+0.937
1652921100,+3.49,+20.672, +0.059,+0.937
1652921160,+3.49,+20.689, +0.060,+0.937
1652921220,+3.49,+20.672, +0.059,+0.937
1652921280,+3.49,+20.706, +0.059,+0.937
1652921340,+3.49,+20.698, +0.059,+0.937
1652921400,+3.49,+20.723, +0.059,+0.937
1652921460,+3.49,+20.723, +0.059,+0.937
1652921520,+3.49,+20.731, +0.060,+0.937
1652921580,+3.49,+20.739, +0.059,+0.937
1652921640,+3.49,+20.731, +0.060,+0.937
1652921700,+3.49,+20.739, +0.060,+0.937
1652921760,+3.49,+20.764, +0.059,+0.937
1652921820,+3.49,+20.764, +0.059,+0.937
1652921880,+3.49,+20.764, +0.059,+0.937
1652921940,+3.49,+20.764, +0.059,+0.937
1652922000,+3.49,+20.773, +0.060,+0.937
1652922060,+3.49,+20.790, +0.059,+0.937
1652922120,+3.49,+20.773, +0.059,+0.937
1652922180,+3.49,+20.790, +0.059,+0.937
1652922240,+3.49,+20.806, +0.060,+0.937
1652922300,+3.49,+20.790, +0.060,+0.937
1652922360,+3.49,+20.806, +0.059,+0.937
1652922420,+3.49,+20.798, +0.059,+0.937
1652922480,+3.49,+20.806, +0.059,+0.937
1652922540,+3.49,+20.831, +0.059,+0.937
1652922600,+3.49,+20.823, +0.059,+0.937
1652922660,+3.49,+20.823, +0.059,+0.937
1652922720,+3.49,+20.840, +0.060,+0.937
1652922780,+3.49,+20.840, +0.059,+0.937
1652922840,+3.49,+20.848, +0.059,+0.937
1652922900,+3.49,+20.856, +0.060,+0.937
1652922960,+3.49,+20.840, +0.059,+0.937
1652923020,+3.49,+20.873, +0.059,+0.937
1652923080,+3.49,+20.882, +0.059,+0.937
1652923140,+3.49,+20.890, +0.059,+0.937
1652923200,+3.49,+20.856, +0.059,+0.937
1652923260,+3.49,+20.873, +0.059,+0.937
1652923320,+3.49,+20.898, +0.059,+0.937
1652923380,+3.49,+20.873, +0.059,+0.937
1652923440,+3.49,+20.890, +0.059,+0.937
1652923500,+3.49,+20.907, +0.059,+0.937
1652923560,+3.49,+20.890, +0.059,+0.937
1652923620,+3.49,+20.907, +0.059,+0.937
1652923680,+3.49,+20.923, +0.058,+0.937
1652923740,+3.49,+20.915, +0.059,+0.937
1652923800,+3.49,+20.923, +0.059,+0.937
1652923860,+3.49,+20.932, +0.059,+0.937
1652923920,+3.49,+20.915, +0.058,+0.937
1652923980,+3.49,+20.932, +0.059,+0.937
1652924040,+3.49,+20.948, +0.059,+0.937
1652924100,+3.49,+20.957, +0.059,+0.937
1652924160,+3.49,+20.957, +0.059,+0.937
1652924220,+3.49,+20.957, +0.059,+0.937
1652924280,+3.49,+20.957, +0.059,+0.937
1652924340,+3.49,+20.957, +0.059,+0.937
1652924400,+3.49,+20.982, +0.059,+0.937
1652924460,+3.49,+20.982, +0.059,+0.937
1652924520,+3.49,+20.990, +0.059,+0.937
1652924580,+3.49,+20.999, +0.059,+0.937
1652924640,+3.49,+20.999, +0.059,+0.937
1652924700,+3.49,+20.999, +0.059,+0.937
1652924760,+3.49,+21.024, +0.060,+0.937
1652924820,+3.49,+21.024, +0.059,+0.937
1652924880,+3.49,+21.007, +0.059,+0.937
1652924940,+3.49,+21.007, +0.059,+0.937
1652925000,+3.49,+21.007, +0.059,+0.937
1652925060,+3.49,+21.015, +0.059,+0.937
1652925120,+3.49,+21.032, +0.059,+0.937
1652925180,+3.49,+21.040, +0.059,+0.937
1652925240,+3.49,+21.040, +0.058,+0.936
1652925300,+3.49,+21.049, +0.059,+0.937
1652925360,+3.49,+21.049, +0.060,+0.937
1652925420,+3.49,+21.049, +0.059,+0.937
1652925480,+3.49,+21.057, +0.059,+0.937
1652925540,+3.49,+21.057, +0.060,+0.937
1652925600,+3.49,+21.074, +0.059,+0.937
1652925660,+3.49,+21.082, +0.059,+0.937
1652925720,+3.49,+21.074, +0.059,+0.937
1652925780,+3.49,+21.066, +0.060,+0.937
1652925840,+3.49,+21.074, +0.060,+0.937
1652925900,+3.49,+21.082, +0.059,+0.937
1652925960,+3.49,+21.074, +0.059,+0.937
1652926020,+3.49,+21.099, +0.059,+0.937
1652926080,+3.49,+21.082, +0.059,+0.937
1652926140,+3.49,+21.091, +0.059,+0.937
1652926200,+3.49,+21.082, +0.059,+0.937
1652926260,+3.49,+21.116, +0.059,+0.937
1652926320,+3.49,+21.107, +0.059,+0.937
1652926380,+3.49,+21.124, +0.059,+0.937
1652926440,+3.49,+21.132, +0.059,+0.937
1652926500,+3.49,+21.141, +0.059,+0.937
1652926560,+3.49,+21.132, +0.059,+0.937
1652926620,+3.49,+21.116, +0.059,+0.937
1652926680,+3.49,+21.132, +0.059,+0.937
1652926740,+3.49,+21.141, +0.058,+0.937
1652926800,+3.49,+21.149, +0.059,+0.937
1652926860,+3.49,+21.166, +0.059,+0.937
1652926920,+3.49,+21.157, +0.059,+0.937
1652926980,+3.49,+21.166, +0.059,+0.937
1652927040,+3.49,+21.149, +0.059,+0.937
1652927100,+3.49,+21.174, +0.059,+0.937
1652927160,+3.49,+21.149, +0.059,+0.937
1652927220,+3.49,+21.166, +0.059,+0.937
1652927280,+3.49,+21.166, +0.059,+0.937
1652927340,+3.49,+21.174, +0.059,+0.936
1652927400,+3.49,+21.191, +0.059,+0.937
1652927460,+3.49,+21.183, +0.059,+0.937
1652927520,+3.49,+21.191, +0.059,+0.937
1652927580,+3.49,+21.199, +0.058,+0.937
1652927640,+3.49,+21.199, +0.059,+0.937
1652927700,+3.49,+21.216, +0.059,+0.937
1652927760,+3.49,+21.199, +0.059,+0.937
1652927820,+3.49,+21.208, +0.059,+0.937
1652927880,+3.49,+21.208, +0.059,+0.937
1652927940,+3.49,+21.224, +0.059,+0.937
1652928000,+3.49,+21.233, +0.059,+0.937
1652928060,+3.49,+21.199, +0.059,+0.937
1652928120,+3.49,+21.241, +0.059,+0.937
1652928180,+3.49,+21.241, +0.059,+0.937
1652928240,+3.49,+21.258, +0.059,+0.937
1652928300,+3.49,+21.241, +0.059,+0.936
1652928360,+3.49,+21.241, +0.059,+0.937
1652928420,+3.49,+21.249, +0.059,+0.937
1652928480,+3.49,+21.241, +0.059,+0.937
1652928540,+3.49,+21.258, +0.059,+0.937
1652928600,+3.49,+21.258, +0.059,+0.937
1652928660,+3.49,+21.266, +0.059,+0.936
1652928720,+3.49,+21.283, +0.059,+0.936
1652928780,+3.49,+21.275, +0.059,+0.936
1652928840,+3.49,+21.283, +0.059,+0.937
1652928900,+3.49,+21.266, +0.059,+0.937
1652928960,+3.49,+21.266, +0.059,+0.937
1652929020,+3.49,+21.275, +0.058,+0.937
1652929080,+3.49,+21.283, +0.059,+0.937
1652929140,+3.49,+21.283, +0.059,+0.937
1652929200,+3.49,+21.291, +0.059,+0.937
1652929260,+3.49,+21.308, +0.058,+0.936
1652929320,+3.49,+21.308, +0.059,+0.936
1652929380,+3.49,+21.308, +0.059,+0.936
1652929440,+3.49,+21.316, +0.059,+0.937
1652929500,+3.49,+21.308, +0.059,+0.936
1652929560,+3.49,+21.333, +0.059,+0.937
1652929620,+3.49,+21.316, +0.059,+0.936
1652929680,+3.49,+21.333, +0.059,+0.936
1652929740,+3.49,+21.325, +0.059,+0.937
1652929800,+3.49,+21.333, +0.059,+0.937
1652929860,+3.49,+21.316, +0.059,+0.937
1652929920,+3.49,+21.333, +0.059,+0.937
1652929980,+3.49,+21.341, +0.059,+0.937
1652930040,+3.49,+21.350, +0.058,+0.937
1652930100,+3.49,+21.341, +0.058,+0.936
1652930160,+3.49,+21.358, +0.059,+0.937
1652930220,+3.49,+21.350, +0.059,+0.937
1652930280,+3.49,+21.350, +0.059,+0.937
1652930340,+3.49,+21.358, +0.058,+0.936
1652930400,+3.49,+21.341, +0.059,+0.936
1652930460,+3.49,+21.341, +0.059,+0.937
1652930520,+3.49,+21.350, +0.059,+0.937
1652930580,+3.49,+21.375, +0.058,+0.936
1652930640,+3.49,+21.375, +0.059,+0.936
1652930700,+3.49,+21.366, +0.059,+0.937
1652930760,+3.49,+21.375, +0.059,+0.936
1652930820,+3.49,+21.366, +0.059,+0.936
1652930880,+3.49,+21.383, +0.059,+0.937
1652930940,+3.49,+21.392, +0.059,+0.937
1652931000,+3.49,+21.375, +0.059,+0.937
1652931060,+3.49,+21.417, +0.059,+0.936
1652931120,+3.49,+21.408, +0.059,+0.937
1652931180,+3.49,+21.392, +0.059,+0.936
1652931240,+3.49,+21.417, +0.058,+0.936
1652931300,+3.49,+21.408, +0.058,+0.936
1652931360,+3.49,+21.408, +0.059,+0.936
1652931420,+3.49,+21.392, +0.059,+0.937
1652931480,+3.49,+21.408, +0.059,+0.937
1652931540,+3.49,+21.417, +0.059,+0.936
1652931600,+3.49,+21.417, +0.058,+0.936
1652931660,+3.49,+21.425, +0.059,+0.937
1652931720,+3.49,+21.433, +0.058,+0.936
1652931780,+3.49,+21.425, +0.058,+0.936
1652931840,+3.49,+21.433, +0.059,+0.937
1652931900,+3.49,+21.425, +0.059,+0.936
1652931960,+3.49,+21.433, +0.059,+0.936
1652932020,+3.49,+21.450, +0.059,+0.937
1652932080,+3.49,+21.433, +0.059,+0.936
1652932140,+3.49,+21.442, +0.059,+0.936
1652932200,+3.49,+21.467, +0.058,+0.936
1652932260,+3.49,+21.433, +0.059,+0.936
1652932320,+3.49,+21.458, +0.058,+0.936
1652932380,+3.49,+21.450, +0.058,+0.936
1652932440,+3.49,+21.467, +0.058,+0.936
1652932500,+3.49,+21.458, +0.058,+0.937
1652932560,+3.49,+21.458, +0.058,+0.936
1652932620,+3.49,+21.442, +0.059,+0.937
1652932680,+3.49,+21.458, +0.058,+0.937
1652932740,+3.49,+21.458, +0.059,+0.936
1652932800,+3.49,+21.475, +0.058,+0.936
1652932860,+3.49,+21.475, +0.059,+0.936
1652932920,+3.49,+21.475, +0.059,+0.937
1652932980,+3.49,+21.467, +0.058,+0.936
1652933040,+3.49,+21.458, +0.059,+0.937
1652933100,+3.49,+21.500, +0.059,+0.937
1652933160,+3.49,+21.492, +0.058,+0.936
1652933220,+3.49,+21.509, +0.058,+0.937
1652933280,+3.49,+21.492, +0.059,+0.937
1652933340,+3.49,+21.484, +0.058,+0.937
1652933400,+3.49,+21.509, +0.058,+0.936
1652933460,+3.49,+21.492, +0.058,+0.936
1652933520,+3.49,+21.492, +0.059,+0.937
1652933580,+3.49,+21.500, +0.059,+0.936
1652933640,+3.49,+21.509, +0.059,+0.936
1652933700,+3.49,+21.500, +0.059,+0.936
1652933760,+3.49,+21.500, +0.058,+0.936
1652933820,+3.49,+21.492, +0.058,+0.936
1652933880,+3.49,+21.509, +0.058,+0.936
1652933940,+3.49,+21.517, +0.059,+0.936
1652934000,+3.49,+21.534, +0.058,+0.936
1652934060,+3.49,+21.517, +0.058,+0.936
1652934120,+3.49,+21.517, +0.059,+0.936
1652934180,+3.49,+21.517, +0.058,+0.936
1652934240,+3.49,+21.542, +0.058,+0.936
1652934300,+3.49,+21.525, +0.059,+0.936
1652934360,+3.49,+21.534, +0.059,+0.936
1652934420,+3.49,+21.534, +0.058,+0.936
1652934480,+3.49,+21.534, +0.058,+0.936
1652934540,+3.49,+21.542, +0.058,+0.936
1652934600,+3.49,+21.534, +0.059,+0.936
1652934660,+3.49,+21.525, +0.059,+0.937
1652934720,+3.49,+21.542, +0.058,+0.936
1652934780,+3.49,+21.550, +0.058,+0.936
1652934840,+3.49,+21.559, +0.058,+0.936
1652934900,+3.49,+21.550, +0.058,+0.936
1652934960,+3.49,+21.550, +0.059,+0.936
1652935020,+3.49,+21.567, +0.058,+0.936
1652935080,+3.49,+21.559, +0.058,+0.936
1652935140,+3.49,+21.559, +0.058,+0.936
1652935200,+3.49,+21.567, +0.058,+0.936
1652935260,+3.49,+21.567, +0.058,+0.936
1652935320,+3.49,+21.575, +0.058,+0.936
1652935380,+3.49,+21.567, +0.058,+0.936
1652935440,+3.49,+21.575, +0.058,+0.936
1652935500,+3.49,+21.575, +0.059,+0.936
1652935560,+3.49,+21.575, +0.058,+0.936
1652935620,+3.49,+21.567, +0.059,+0.936
1652935680,+3.49,+21.584, +0.059,+0.936
1652935740,+3.49,+21.567, +0.059,+0.936
1652935800,+3.49,+21.584, +0.059,+0.936
1652935860,+3.49,+21.592, +0.058,+0.936
1652935920,+3.49,+21.584, +0.058,+0.936
1652935980,+3.49,+21.609, +0.058,+0.936
1652936040,+3.49,+21.584, +0.059,+0.936
1652936100,+3.49,+21.584, +0.059,+0.936
1652936160,+3.49,+21.601, +0.058,+0.936
1652936220,+3.49,+21.609, +0.058,+0.936
1652936280,+3.49,+21.601, +0.059,+0.936
1652936340,+3.49,+21.584, +0.058,+0.936
1652936400,+3.49,+21.601, +0.058,+0.936
1652936460,+3.49,+21.601, +0.058,+0.936
1652936520,+3.49,+21.601, +0.059,+0.936
1652936580,+3.49,+21.609, +0.058,+0.936
1652936640,+3.49,+21.575, +0.059,+0.936
1652936700,+3.49,+21.601, +0.058,+0.936
1652936760,+3.49,+21.601, +0.058,+0.936
1652936820,+3.49,+21.617, +0.058,+0.936
1652936880,+3.49,+21.617, +0.059,+0.936
1652936940,+3.49,+21.626, +0.058,+0.936
1652937000,+3.49,+21.626, +0.058,+0.936
1652937060,+3.49,+21.617, +0.058,+0.936
1652937120,+3.49,+21.617, +0.058,+0.936
1652937180,+3.49,+21.617, +0.059,+0.936
1652937240,+3.49,+21.626, +0.059,+0.936
1652937300,+3.49,+21.617, +0.059,+0.936
1652937360,+3.49,+21.651, +0.059,+0.936
1652937420,+3.49,+21.651, +0.058,+0.936
1652937480,+3.49,+21.634, +0.059,+0.936
1652937540,+3.49,+21.634, +0.059,+0.936
1652937600,+3.49,+21.626, +0.058,+0.936
1652937660,+3.49,+21.626, +0.058,+0.936
1652937720,+3.49,+21.642, +0.058,+0.936
1652937780,+3.49,+21.651, +0.058,+0.936
1652937840,+3.49,+21.642, +0.058,+0.936
1652937900,+3.49,+21.651, +0.059,+0.936
1652937960,+3.49,+21.651, +0.058,+0.936
1652938020,+3.49,+21.659, +0.059,+0.936
1652938080,+3.49,+21.642, +0.058,+0.936
1652938140,+3.49,+21.634, +0.058,+0.936
1652938200,+3.49,+21.659, +0.058,+0.936
1652938260,+3.49,+21.642, +0.058,+0.936
1652938320,+3.49,+21.642, +0.059,+0.936
1652938380,+3.49,+21.651, +0.058,+0.936
1652938440,+3.49,+21.651, +0.058,+0.936
1652938500,+3.49,+21.667, +0.058,+0.936
1652938560,+3.49,+21.651, +0.059,+0.936
1652938620,+3.49,+21.659, +0.059,+0.936
1652938680,+3.49,+21.659, +0.059,+0.936
1652938740,+3.49,+21.667, +0.058,+0.936
1652938800,+3.49,+21.667, +0.058,+0.936
1652938860,+3.49,+21.667, +0.059,+0.937
1652938920,+3.49,+21.659, +0.058,+0.936
1652938980,+3.49,+21.676, +0.058,+0.936
1652939040,+3.49,+21.667, +0.059,+0.936
1652939100,+3.49,+21.659, +0.059,+0.936
1652939160,+3.49,+21.676, +0.059,+0.936
1652939220,+3.49,+21.684, +0.059,+0.936
1652939280,+3.49,+21.667, +0.059,+0.936
1652939340,+3.49,+21.676, +0.058,+0.936
1652939400,+3.49,+21.684, +0.059,+0.936
1652939460,+3.49,+21.693, +0.058,+0.936
1652939520,+3.49,+21.701, +0.058,+0.936
1652939580,+3.49,+21.693, +0.059,+0.936
1652939640,+3.49,+21.693, +0.059,+0.936
1652939700,+3.49,+21.676, +0.059,+0.936
1652939760,+3.49,+21.676, +0.059,+0.936
1652939820,+3.49,+21.693, +0.059,+0.936
1652939880,+3.49,+21.684, +0.058,+0.936
1652939940,+3.49,+21.693, +0.058,+0.936
1652940000,+3.49,+21.709, +0.058,+0.936
1652940060,+3.49,+21.693, +0.059,+0.936
1652940120,+3.49,+21.701, +0.058,+0.936
1652940180,+3.49,+21.709, +0.058,+0.936
1652940240,+3.49,+21.701, +0.058,+0.936
1652940300,+3.49,+21.693, +0.059,+0.936
1652940360,+3.49,+21.718, +0.058,+0.936
1652940420,+3.49,+21.718, +0.058,+0.936
1652940480,+3.49,+21.718, +0.058,+0.936
1652940540,+3.49,+21.718, +0.058,+0.936
1652940600,+3.49,+21.718, +0.058,+0.936
1652940660,+3.49,+21.718, +0.058,+0.936
1652940720,+3.49,+21.709, +0.059,+0.936
1652940780,+3.49,+21.718, +0.058,+0.936
1652940840,+3.49,+21.718, +0.059,+0.936
1652940900,+3.49,+21.718, +0.059,+0.936
1652940960,+3.49,+21.718, +0.059,+0.936
1652941020,+3.49,+21.726, +0.059,+0.936
1652941080,+3.49,+21.718, +0.058,+0.936
1652941140,+3.49,+21.726, +0.058,+0.936
1652941200,+3.49,+21.726, +0.058,+0.936
1652941260,+3.49,+21.718, +0.059,+0.936
1652941320,+3.49,+21.743, +0.058,+0.936
1652941380,+3.49,+21.726, +0.059,+0.936
1652941440,+3.49,+21.743, +0.058,+0.936
1652941500,+3.49,+21.743, +0.058,+0.936
1652941560,+3.49,+21.759, +0.059,+0.936
1652941620,+3.49,+21.726, +0.059,+0.936
1652941680,+3.49,+21.734, +0.058,+0.936
1652941740,+3.49,+21.734, +0.058,+0.936
1652941800,+3.49,+21.743, +0.059,+0.936
1652941860,+3.49,+21.751, +0.059,+0.936
1652941920,+3.49,+21.743, +0.058,+0.936
1652941980,+3.49,+21.751, +0.058,+0.936
1652942040,+3.49,+21.743, +0.058,+0.936
1652942100,+3.49,+21.751, +0.058,+0.936
1652942160,+3.49,+21.734, +0.058,+0.936
1652942220,+3.49,+21.734, +0.059,+0.936
1652942280,+3.49,+21.759, +0.058,+0.936
1652942340,+3.49,+21.768, +0.058,+0.936
1652942400,+3.49,+21.759, +0.058,+0.936
1652942460,+3.49,+21.759, +0.058,+0.936
1652942520,+3.49,+21.759, +0.058,+0.936
1652942580,+3.49,+21.776, +0.058,+0.936
1652942640,+3.49,+21.768, +0.058,+0.936
1652942700,+3.49,+21.751, +0.058,+0.936
1652942760,+3.49,+21.784, +0.058,+0.936
1652942820,+3.49,+21.759, +0.058,+0.936
1652942880,+3.49,+21.759, +0.058,+0.936
1652942940,+3.49,+21.776, +0.058,+0.936
1652943000,+3.49,+21.768, +0.058,+0.936
1652943060,+3.49,+21.784, +0.058,+0.936
1652943120,+3.49,+21.776, +0.058,+0.936
1652943180,+3.49,+21.759, +0.059,+0.936
1652943240,+3.49,+21.759, +0.059,+0.936
1652943300,+3.49,+21.784, +0.058,+0.936
1652943360,+3.49,+21.759, +0.058,+0.936
1652943420,+3.49,+21.776, +0.059,+0.936
1652943480,+3.49,+21.776, +0.058,+0.936
1652943540,+3.49,+21.768, +0.058,+0.936
1652943600,+3.49,+21.784, +0.058,+0.936
1652943660,+3.49,+21.784, +0.058,+0.936
1652943720,+3.49,+21.776, +0.058,+0.936
1652943780,+3.49,+21.776, +0.059,+0.936
1652943840,+3.49,+21.768, +0.058,+0.936
1652943900,+3.49,+21.776, +0.058,+0.936
1652943960,+3.49,+21.784, +0.058,+0.936
1652944020,+3.49,+21.768, +0.058,+0.936
1652944080,+3.49,+21.776, +0.058,+0.936
1652944140,+3.49,+21.776, +0.059,+0.936
1652944200,+3.49,+21.793, +0.058,+0.936
1652944260,+3.49,+21.784, +0.058,+0.936
1652944320,+3.49,+21.759, +0.058,+0.936
1652944380,+3.49,+21.776, +0.059,+0.936
1652944440,+3.49,+21.784, +0.058,+0.936
1652944500,+3.49,+21.768, +0.058,+0.936
1652944560,+3.49,+21.768, +0.058,+0.936
1652944620,+3.49,+21.759, +0.058,+0.936
1652944680,+3.49,+21.768, +0.059,+0.936
1652944740,+3.49,+21.759, +0.058,+0.936
1652944800,+3.49,+21.759, +0.058,+0.936
1652944860,+3.49,+21.759, +0.058,+0.936
1652944920,+3.49,+21.768, +0.059,+0.936
1652944980,+3.49,+21.759, +0.058,+0.936
1652945040,+3.49,+21.784, +0.058,+0.936
1652945100,+3.49,+21.743, +0.058,+0.936
1652945160,+3.49,+21.751, +0.058,+0.936
1652945220,+3.49,+21.759, +0.058,+0.936
1652945280,+3.49,+21.751, +0.059,+0.936
1652945340,+3.49,+21.743, +0.059,+0.936
1652945400,+3.49,+21.751, +0.058,+0.936
1652945460,+3.49,+21.768, +0.058,+0.936
1652945520,+3.49,+21.743, +0.059,+0.936
1652945580,+3.49,+21.743, +0.058,+0.936
1652945640,+3.49,+21.751, +0.058,+0.936
1652945700,+3.49,+21.743, +0.058,+0.936
1652945760,+3.49,+21.751, +0.058,+0.936
1652945820,+3.49,+21.751, +0.058,+0.936
1652945880,+3.49,+21.726, +0.059,+0.936
1652945940,+3.49,+21.743, +0.058,+0.936
1652946000,+3.49,+21.734, +0.059,+0.936
1652946060,+3.49,+21.734, +0.058,+0.936
1652946120,+3.49,+21.726, +0.058,+0.936
1652946180,+3.49,+21.743, +0.058,+0.936
1652946240,+3.49,+21.718, +0.059,+0.936
1652946300,+3.49,+21.718, +0.058,+0.936
1652946360,+3.49,+21.726, +0.058,+0.936
1652946420,+3.49,+21.709, +0.059,+0.936
1652946480,+3.49,+21.709, +0.058,+0.936
1652946540,+3.49,+21.709, +0.058,+0.936
1652946600,+3.49,+21.709, +0.058,+0.936
1652946660,+3.49,+21.726, +0.058,+0.936
1652946720,+3.49,+21.693, +0.058,+0.936
1652946780,+3.49,+21.684, +0.059,+0.936
1652946840,+3.49,+21.693, +0.058,+0.936
1652946900,+3.49,+21.693, +0.058,+0.936
1652946960,+3.49,+21.709, +0.058,+0.936
1652947020,+3.49,+21.701, +0.058,+0.936
1652947080,+3.49,+21.684, +0.058,+0.936
1652947140,+3.49,+21.676, +0.058,+0.936
1652947200,+3.49,+21.684, +0.058,+0.936
1652947260,+3.49,+21.667, +0.058,+0.936
1652947320,+3.49,+21.667, +0.058,+0.936
1652947380,+3.49,+21.667, +0.058,+0.936
1652947440,+3.49,+21.659, +0.058,+0.936
1652947500,+3.49,+21.684, +0.059,+0.936
1652947560,+3.49,+21.659, +0.058,+0.936
1652947620,+3.49,+21.676, +0.058,+0.936
1652947680,+3.49,+21.651, +0.059,+0.936
1652947740,+3.49,+21.642, +0.058,+0.936
1652947800,+3.49,+21.659, +0.058,+0.936
1652947860,+3.49,+21.659, +0.058,+0.936
1652947920,+3.49,+21.651, +0.058,+0.936
1652947980,+3.49,+21.651, +0.058,+0.936
1652948040,+3.49,+21.642, +0.059,+0.936
1652948100,+3.49,+21.634, +0.059,+0.936
1652948160,+3.49,+21.634, +0.058,+0.936
1652948220,+3.49,+21.642, +0.058,+0.936
1652948280,+3.49,+21.634, +0.058,+0.936
1652948340,+3.49,+21.634, +0.058,+0.936
1652948400,+3.49,+21.634, +0.059,+0.937
1652948460,+3.49,+21.617, +0.058,+0.936
1652948520,+3.49,+21.601, +0.058,+0.936
1652948580,+3.49,+21.592, +0.059,+0.936
1652948640,+3.49,+21.617, +0.058,+0.936
1652948700,+3.49,+21.617, +0.058,+0.936
1652948760,+3.49,+21.609, +0.058,+0.936
1652948820,+3.49,+21.601, +0.058,+0.936
1652948880,+3.49,+21.601, +0.059,+0.936
1652948940,+3.49,+21.601, +0.059,+0.937
1652949000,+3.49,+21.609, +0.059,+0.936
1652949060,+3.49,+21.584, +0.059,+0.936
1652949120,+3.49,+21.584, +0.059,+0.937
1652949180,+3.49,+21.575, +0.058,+0.936
1652949240,+3.49,+21.575, +0.058,+0.936
1652949300,+3.49,+21.584, +0.058,+0.936
1652949360,+3.50,+21.567, +0.058,+0.936
1652949420,+3.49,+21.567, +0.058,+0.936
1652949480,+3.49,+21.567, +0.058,+0.936
1652949540,+3.50,+21.575, +0.058,+0.936
1652949600,+3.49,+21.584, +0.058,+0.936
1652949660,+3.50,+21.575, +0.058,+0.936
1652949720,+3.50,+21.542, +0.059,+0.936
1652949780,+3.50,+21.559, +0.058,+0.936
1652949840,+3.50,+21.550, +0.058,+0.936
1652949900,+3.50,+21.559, +0.058,+0.936
1652949960,+3.50,+21.542, +0.058,+0.936
1652950020,+3.50,+21.525, +0.058,+0.936
1652950080,+3.50,+21.534, +0.058,+0.936
1652950140,+3.50,+21.534, +0.058,+0.936
1652950200,+3.50,+21.525, +0.058,+0.936
1652950260,+3.50,+21.534, +0.058,+0.936
1652950320,+3.50,+21.517, +0.059,+0.936
1652950380,+3.50,+21.525, +0.058,+0.936
1652950440,+3.50,+21.500, +0.058,+0.936
1652950500,+3.50,+21.509, +0.059,+0.936
1652950560,+3.50,+21.509, +0.059,+0.936
1652950620,+3.50,+21.509, +0.058,+0.936
1652950680,+3.50,+21.509, +0.059,+0.936
1652950740,+3.50,+21.500, +0.059,+0.936
1652950800,+3.50,+21.484, +0.058,+0.936
1652950860,+3.50,+21.500, +0.058,+0.936
1652950920,+3.50,+21.492, +0.058,+0.936
1652950980,+3.50,+21.484, +0.059,+0.936
1652951040,+3.50,+21.484, +0.058,+0.936
1652951100,+3.50,+21.484, +0.058,+0.936
1652951160,+3.50,+21.484, +0.058,+0.936
1652951220,+3.50,+21.458, +0.058,+0.936
1652951280,+3.50,+21.458, +0.059,+0.936
1652951340,+3.50,+21.442, +0.059,+0.936
1652951400,+3.50,+21.433, +0.059,+0.937
1652951460,+3.50,+21.450, +0.058,+0.936
1652951520,+3.50,+21.450, +0.059,+0.937
1652951580,+3.50,+21.442, +0.059,+0.936
1652951640,+3.50,+21.442, +0.058,+0.936
1652951700,+3.50,+21.425, +0.058,+0.936
1652951760,+3.50,+21.417, +0.058,+0.936
1652951820,+3.50,+21.433, +0.059,+0.936
1652951880,+3.50,+21.425, +0.059,+0.937
1652951940,+3.50,+21.433, +0.058,+0.936
1652952000,+3.50,+21.417, +0.059,+0.936
1652952060,+3.50,+21.417, +0.059,+0.936
1652952120,+3.50,+21.417, +0.058,+0.936
1652952180,+3.50,+21.408, +0.058,+0.937
1652952240,+3.50,+21.400, +0.059,+0.936
1652952300,+3.50,+21.408, +0.059,+0.937
1652952360,+3.50,+21.408, +0.058,+0.936
1652952420,+3.50,+21.392, +0.058,+0.936
1652952480,+3.50,+21.375, +0.059,+0.936
1652952540,+3.50,+21.392, +0.058,+0.936
1652952600,+3.50,+21.400, +0.059,+0.937
1652952660,+3.50,+21.392, +0.058,+0.936
1652952720,+3.50,+21.400, +0.058,+0.936
1652952780,+3.50,+21.375, +0.058,+0.936
1652952840,+3.50,+21.375, +0.059,+0.937
1652952900,+3.50,+21.350, +0.058,+0.936
1652952960,+3.50,+21.366, +0.059,+0.937
1652953020,+3.50,+21.358, +0.058,+0.936
1652953080,+3.50,+21.350, +0.059,+0.936
1652953140,+3.50,+21.358, +0.059,+0.937
1652953200,+3.50,+21.350, +0.059,+0.937
1652953260,+3.50,+21.350, +0.059,+0.937
1652953320,+3.50,+21.358, +0.058,+0.937
1652953380,+3.50,+21.358, +0.058,+0.936
1652953440,+3.50,+21.333, +0.059,+0.936
1652953500,+3.50,+21.350, +0.059,+0.937
1652953560,+3.50,+21.325, +0.059,+0.937
1652953620,+3.50,+21.333, +0.058,+0.936
1652953680,+3.50,+21.325, +0.058,+0.936
1652953740,+3.50,+21.325, +0.058,+0.936
1652953800,+3.50,+21.308, +0.059,+0.937
1652953860,+3.50,+21.308, +0.059,+0.937
1652953920,+3.50,+21.300, +0.059,+0.936
1652953980,+3.50,+21.308, +0.059,+0.937
1652954040,+3.50,+21.308, +0.059,+0.937
1652954100,+3.50,+21.291, +0.058,+0.936
1652954160,+3.50,+21.308, +0.058,+0.936
1652954220,+3.50,+21.300, +0.059,+0.936
1652954280,+3.50,+21.308, +0.059,+0.936
1652954340,+3.50,+21.283, +0.058,+0.936
1652954400,+3.50,+21.266, +0.059,+0.936
1652954460,+3.50,+21.283, +0.059,+0.936
1652954520,+3.50,+21.266, +0.059,+0.937
1652954580,+3.50,+21.283, +0.059,+0.937
1652954640,+3.50,+21.275, +0.058,+0.937
1652954700,+3.50,+21.258, +0.058,+0.936
1652954760,+3.50,+21.266, +0.059,+0.936
1652954820,+3.50,+21.258, +0.059,+0.937
1652954880,+3.50,+21.258, +0.059,+0.937
1652954940,+3.50,+21.258, +0.059,+0.937
1652955000,+3.50,+21.266, +0.059,+0.936
1652955060,+3.50,+21.241, +0.058,+0.936
1652955120,+3.50,+21.266, +0.058,+0.936
1652955180,+3.50,+21.233, +0.059,+0.936
1652955240,+3.50,+21.224, +0.059,+0.937
1652955300,+3.50,+21.208, +0.058,+0.936
1652955360,+3.50,+21.224, +0.059,+0.936
1652955420,+3.50,+21.233, +0.059,+0.936
1652955480,+3.50,+21.233, +0.059,+0.937
1652955540,+3.50,+21.216, +0.059,+0.937
1652955600,+3.50,+21.216, +0.059,+0.936
1652955660,+3.50,+21.208, +0.059,+0.937
1652955720,+3.50,+21.224, +0.059,+0.936
1652955780,+3.50,+21.208, +0.059,+0.937
1652955840,+3.50,+21.216, +0.058,+0.936
1652955900,+3.50,+21.208, +0.059,+0.937
1652955960,+3.50,+21.183, +0.059,+0.936
1652956020,+3.50,+21.199, +0.058,+0.936
1652956080,+3.50,+21.166, +0.058,+0.937
1652956140,+3.50,+21.183, +0.059,+0.937
1652956200,+3.50,+21.199, +0.059,+0.936
1652956260,+3.50,+21.199, +0.059,+0.936
1652956320,+3.50,+21.157, +0.059,+0.936
1652956380,+3.50,+21.191, +0.058,+0.936
1652956440,+3.50,+21.166, +0.059,+0.937
1652956500,+3.50,+21.174, +0.058,+0.936
1652956560,+3.50,+21.166, +0.059,+0.937
1652956620,+3.50,+21.157, +0.059,+0.937
1652956680,+3.50,+21.149, +0.059,+0.937
1652956740,+3.50,+21.157, +0.059,+0.937
1652956800,+3.50,+21.166, +0.059,+0.936
1652956860,+3.50,+21.157, +0.058,+0.936
1652956920,+3.50,+21.157, +0.059,+0.937
1652956980,+3.50,+21.157, +0.059,+0.936
1652957040,+3.50,+21.141, +0.059,+0.937
1652957100,+3.50,+21.141, +0.059,+0.937
1652957160,+3.50,+21.141, +0.058,+0.936
1652957220,+3.50,+21.124, +0.058,+0.936
1652957280,+3.50,+21.141, +0.059,+0.937
1652957340,+3.50,+21.116, +0.059,+0.937
1652957400,+3.50,+21.124, +0.059,+0.937
1652957460,+3.50,+21.141, +0.059,+0.936
1652957520,+3.50,+21.132, +0.059,+0.937
1652957580,+3.49,+21.124, +0.059,+0.936
1652957640,+3.49,+21.107, +0.058,+0.936
1652957700,+3.49,+21.107, +0.059,+0.937
1652957760,+3.49,+21.099, +0.059,+0.936
1652957820,+3.49,+21.099, +0.059,+0.937
1652957880,+3.49,+21.091, +0.059,+0.937
1652957940,+3.49,+21.091, +0.059,+0.937
1652958000,+3.50,+21.091, +0.059,+0.937
1652958060,+3.49,+21.099, +0.059,+0.937
1652958120,+3.50,+21.091, +0.059,+0.936
1652958180,+3.50,+21.091, +0.059,+0.937
1652958240,+3.49,+21.074, +0.060,+0.937
1652958300,+3.50,+21.082, +0.059,+0.937
1652958360,+3.49,+21.057, +0.058,+0.936
1652958420,+3.50,+21.074, +0.059,+0.936
1652958480,+3.50,+21.074, +0.058,+0.937
1652958540,+3.49,+21.066, +0.059,+0.937
1652958600,+3.49,+21.066, +0.059,+0.936
1652958660,+3.49,+21.074, +0.058,+0.937
1652958720,+3.49,+21.082, +0.059,+0.937
1652958780,+3.49,+21.057, +0.059,+0.936
1652958840,+3.49,+21.040, +0.059,+0.937
1652958900,+3.49,+21.066, +0.059,+0.937
1652958960,+3.49,+21.074, +0.059,+0.937
1652959020,+3.49,+21.057, +0.059,+0.937
1652959080,+3.49,+21.040, +0.059,+0.936
1652959140,+3.49,+21.032, +0.059,+0.937
1652959200,+3.49,+21.024, +0.059,+0.937
1652959260,+3.49,+21.040, +0.059,+0.937
1652959320,+3.49,+21.032, +0.059,+0.937
1652959380,+3.49,+21.032, +0.059,+0.937
1652959440,+3.49,+21.024, +0.059,+0.937
1652959500,+3.49,+20.999, +0.058,+0.936
1652959560,+3.49,+21.040, +0.059,+0.937
1652959620,+3.49,+21.007, +0.059,+0.937
1652959680,+3.49,+21.024, +0.059,+0.937
1652959740,+3.49,+21.015, +0.059,+0.937
1652959800,+3.49,+21.015, +0.059,+0.937
1652959860,+3.49,+21.007, +0.059,+0.937
1652959920,+3.49,+20.990, +0.059,+0.937
1652959980,+3.49,+20.999, +0.059,+0.937
1652960040,+3.49,+21.015, +0.059,+0.937
1652960100,+3.49,+21.024, +0.059,+0.937
1652960160,+3.49,+21.007, +0.059,+0.937
1652960220,+3.49,+20.990, +0.059,+0.936
1652960280,+3.49,+20.990, +0.059,+0.937
1652960340,+3.49,+20.999, +0.059,+0.937
1652960400,+3.49,+20.990, +0.059,+0.937
1652960460,+3.49,+20.990, +0.058,+0.936
1652960520,+3.49,+20.990, +0.059,+0.937
1652960580,+3.49,+20.982, +0.059,+0.937
1652960640,+3.49,+20.974, +0.059,+0.937
1652960700,+3.49,+20.974, +0.060,+0.937
1652960760,+3.49,+20.965, +0.059,+0.937
1652960820,+3.49,+20.982, +0.059,+0.937
1652960880,+3.49,+20.974, +0.059,+0.937
1652960940,+3.49,+20.965, +0.059,+0.937
1652961000,+3.49,+20.974, +0.059,+0.937
1652961060,+3.49,+20.982, +0.059,+0.937
1652961120,+3.49,+20.974, +0.059,+0.937
1652961180,+3.49,+20.965, +0.059,+0.937
1652961240,+3.49,+20.965, +0.059,+0.937
1652961300,+3.49,+20.957, +0.059,+0.936
1652961360,+3.49,+20.940, +0.060,+0.937
1652961420,+3.49,+20.957, +0.059,+0.937
1652961480,+3.49,+20.940, +0.059,+0.937
1652961540,+3.49,+20.932, +0.059,+0.937
1652961600,+3.49,+20.948, +0.059,+0.937
1652961660,+3.49,+20.940, +0.059,+0.937
1652961720,+3.49,+20.948, +0.059,+0.937
1652961780,+3.49,+20.948, +0.059,+0.937
1652961840,+3.49,+20.923, +0.059,+0.937
1652961900,+3.49,+20.948, +0.060,+0.937
1652961960,+3.49,+20.932, +0.059,+0.937
1652962020,+3.49,+20.923, +0.059,+0.937
1652962080,+3.49,+20.932, +0.059,+0.937
1652962140,+3.49,+20.932, +0.059,+0.937
1652962200,+3.49,+20.907, +0.059,+0.937
1652962260,+3.49,+20.915, +0.059,+0.937
1652962320,+3.49,+20.932, +0.059,+0.936
1652962380,+3.49,+20.915, +0.059,+0.937
1652962440,+3.49,+20.907, +0.059,+0.937
1652962500,+3.49,+20.915, +0.059,+0.936
1652962560,+3.49,+20.915, +0.059,+0.937
1652962620,+3.49,+20.907, +0.059,+0.937
1652962680,+3.49,+20.898, +0.060,+0.937
1652962740,+3.49,+20.923, +0.059,+0.937
1652962800,+3.49,+20.898, +0.059,+0.937
1652962860,+3.49,+20.907, +0.059,+0.936
1652962920,+3.49,+20.898, +0.059,+0.937
1652962980,+3.49,+20.898, +0.059,+0.937
1652963040,+3.49,+20.907, +0.059,+0.937
1652963100,+3.49,+20.890, +0.059,+0.937
1652963160,+3.49,+20.873, +0.059,+0.937
1652963220,+3.49,+20.890, +0.059,+0.936
1652963280,+3.49,+20.882, +0.059,+0.937
1652963340,+3.49,+20.873, +0.059,+0.937
1652963400,+3.49,+20.882, +0.059,+0.937
1652963460,+3.49,+20.882, +0.059,+0.937
1652963520,+3.49,+20.882, +0.060,+0.937
1652963580,+3.49,+20.865, +0.059,+0.937
1652963640,+3.49,+20.873, +0.059,+0.937
1652963700,+3.49,+20.865, +0.059,+0.937
1652963760,+3.49,+20.873, +0.059,+0.937
1652963820,+3.49,+20.873, +0.059,+0.937
1652963880,+3.49,+20.865, +0.059,+0.937
1652963940,+3.49,+20.865, +0.059,+0.937
1652964000,+3.49,+20.865, +0.060,+0.937
1652964060,+3.49,+20.865, +0.059,+0.937
1652964120,+3.49,+20.856, +0.059,+0.937
1652964180,+3.49,+20.848, +0.059,+0.937
1652964240,+3.49,+20.873, +0.060,+0.937
1652964300,+3.49,+20.856, +0.059,+0.937
1652964360,+3.49,+20.848, +0.059,+0.937
1652964420,+3.49,+20.865, +0.059,+0.937
1652964480,+3.49,+20.840, +0.059,+0.937
1652964540,+3.49,+20.848, +0.059,+0.937
1652964600,+3.49,+20.848, +0.059,+0.937
1652964660,+3.49,+20.840, +0.059,+0.937
1652964720,+3.49,+20.840, +0.059,+0.937
1652964780,+3.49,+20.848, +0.059,+0.937
1652964840,+3.49,+20.840, +0.059,+0.937
1652964900,+3.49,+20.831, +0.059,+0.937
1652964960,+3.49,+20.831, +0.059,+0.937
1652965020,+3.49,+20.856, +0.059,+0.937
1652965080,+3.49,+20.840, +0.059,+0.937
1652965140,+3.49,+20.831, +0.060,+0.937
1652965200,+3.49,+20.823, +0.060,+0.937
1652965260,+3.49,+20.831, +0.058,+0.937
1652965320,+3.49,+20.823, +0.059,+0.937
1652965380,+3.49,+20.831, +0.059,+0.937
1652965440,+3.49,+20.815, +0.059,+0.937
1652965500,+3.49,+20.831, +0.059,+0.937
1652965560,+3.49,+20.806, +0.059,+0.937
1652965620,+3.49,+20.823, +0.059,+0.937
1652965680,+3.49,+20.815, +0.059,+0.937
1652965740,+3.49,+20.806, +0.059,+0.937
1652965800,+3.49,+20.806, +0.060,+0.937
1652965860,+3.49,+20.798, +0.059,+0.937
1652965920,+3.49,+20.806, +0.059,+0.937
1652965980,+3.49,+20.815, +0.059,+0.937
1652966040,+3.49,+20.790, +0.059,+0.937
1652966100,+3.49,+20.790, +0.059,+0.937
1652966160,+3.49,+20.806, +0.059,+0.937
1652966220,+3.49,+20.798, +0.060,+0.937
1652966280,+3.49,+20.781, +0.059,+0.937
1652966340,+3.49,+20.773, +0.059,+0.936
1652966400,+3.49,+20.798, +0.060,+0.937
1652966460,+3.49,+20.773, +0.059,+0.937
1652966520,+3.49,+20.781, +0.059,+0.936
1652966580,+3.49,+20.764, +0.060,+0.937
1652966640,+3.49,+20.773, +0.059,+0.937
1652966700,+3.49,+20.781, +0.060,+0.937
1652966760,+3.49,+20.773, +0.059,+0.937
1652966820,+3.49,+20.748, +0.059,+0.937
1652966880,+3.49,+20.773, +0.059,+0.937
1652966940,+3.49,+20.764, +0.060,+0.937
1652967000,+3.49,+20.764, +0.059,+0.937
1652967060,+3.49,+20.748, +0.060,+0.937
1652967120,+3.49,+20.748, +0.059,+0.937
1652967180,+3.49,+20.739, +0.060,+0.937
1652967240,+3.49,+20.748, +0.059,+0.937
1652967300,+3.49,+20.739, +0.059,+0.937
1652967360,+3.49,+20.739, +0.059,+0.937
1652967420,+3.49,+20.748, +0.059,+0.937
1652967480,+3.49,+20.723, +0.059,+0.937
1652967540,+3.49,+20.723, +0.059,+0.937
1652967600,+3.49,+20.714, +0.059,+0.936
1652967660,+3.49,+20.731, +0.059,+0.937
1652967720,+3.49,+20.723, +0.059,+0.937
1652967780,+3.49,+20.731, +0.060,+0.937
1652967840,+3.49,+20.714, +0.060,+0.937
1652967900,+3.49,+20.714, +0.059,+0.937
1652967960,+3.49,+20.706, +0.060,+0.937
1652968020,+3.49,+20.698, +0.059,+0.937
1652968080,+3.49,+20.698, +0.059,+0.937
1652968140,+3.49,+20.698, +0.060,+0.937
1652968200,+3.49,+20.706, +0.060,+0.937
1652968260,+3.49,+20.706, +0.060,+0.937
1652968320,+3.49,+20.689, +0.059,+0.937
1652968380,+3.49,+20.706, +0.059,+0.937
1652968440,+3.49,+20.698, +0.059,+0.937
1652968500,+3.49,+20.698, +0.059,+0.937
1652968560,+3.49,+20.681, +0.060,+0.937
1652968620,+3.49,+20.672, +0.060,+0.937
1652968680,+3.49,+20.681, +0.059,+0.937
1652968740,+3.49,+20.681, +0.060,+0.937
1652968800,+3.49,+20.672, +0.059,+0.937
1652968860,+3.49,+20.656, +0.060,+0.937
1652968920,+3.49,+20.672, +0.059,+0.936
1652968980,+3.49,+20.656, +0.060,+0.937
1652969040,+3.49,+20.656, +0.060,+0.937
1652969100,+3.49,+20.639, +0.060,+0.937
1652969160,+3.49,+20.647, +0.060,+0.937
1652969220,+3.49,+20.672, +0.059,+0.937
1652969280,+3.49,+20.664, +0.059,+0.937
1652969340,+3.50,+20.647, +0.060,+0.937
1652969400,+3.50,+20.631, +0.060,+0.937
1652969460,+3.49,+20.631, +0.059,+0.937
1652969520,+3.49,+20.639, +0.059,+0.937
1652969580,+3.49,+20.639, +0.059,+0.937
1652969640,+3.50,+20.631, +0.059,+0.937
1652969700,+3.49,+20.631, +0.060,+0.937
1652969760,+3.49,+20.631, +0.059,+0.937
1652969820,+3.49,+20.614, +0.059,+0.937
1652969880,+3.49,+20.639, +0.059,+0.937
1652969940,+3.49,+20.631, +0.059,+0.937
1652970000,+3.50,+20.614, +0.059,+0.937
1652970060,+3.49,+20.614, +0.059,+0.937
1652970120,+3.49,+20.606, +0.059,+0.937
1652970180,+3.50,+20.606, +0.060,+0.937
1652970240,+3.50,+20.606, +0.060,+0.937
1652970300,+3.49,+20.597, +0.059,+0.937
1652970360,+3.49,+20.614, +0.059,+0.937
1652970420,+3.50,+20.597, +0.059,+0.937
1652970480,+3.50,+20.597, +0.060,+0.937
1652970540,+3.50,+20.589, +0.059,+0.937
1652970600,+3.49,+20.589, +0.060,+0.937
1652970660,+3.50,+20.580, +0.060,+0.937
1652970720,+3.49,+20.597, +0.059,+0.937
1652970780,+3.50,+20.580, +0.060,+0.937
1652970840,+3.50,+20.572, +0.059,+0.937
1652970900,+3.50,+20.572, +0.060,+0.937
1652970960,+3.50,+20.564, +0.060,+0.937
1652971020,+3.49,+20.580, +0.059,+0.937
1652971080,+3.50,+20.555, +0.060,+0.937
1652971140,+3.50,+20.572, +0.060,+0.937
1652971200,+3.50,+20.547, +0.060,+0.937
1652971260,+3.50,+20.555, +0.059,+0.937
1652971320,+3.50,+20.564, +0.060,+0.937
1652971380,+3.49,+20.572, +0.060,+0.937
1652971440,+3.50,+20.547, +0.059,+0.937
1652971500,+3.50,+20.555, +0.059,+0.937
1652971560,+3.49,+20.555, +0.059,+0.937
1652971620,+3.50,+20.547, +0.059,+0.937
1652971680,+3.50,+20.539, +0.059,+0.937
1652971740,+3.50,+20.555, +0.059,+0.937
1652971800,+3.50,+20.539, +0.059,+0.937
1652971860,+3.50,+20.539, +0.060,+0.937
1652971920,+3.50,+20.547, +0.060,+0.937
1652971980,+3.50,+20.539, +0.059,+0.937
1652972040,+3.50,+20.522, +0.060,+0.937
1652972100,+3.49,+20.530, +0.060,+0.937
1652972160,+3.50,+20.539, +0.059,+0.937
1652972220,+3.50,+20.522, +0.060,+0.937
1652972280,+3.50,+20.530, +0.060,+0.937
1652972340,+3.50,+20.514, +0.060,+0.937
1652972400,+3.50,+20.514, +0.060,+0.937
1652972460,+3.50,+20.514, +0.059,+0.937
1652972520,+3.50,+20.522, +0.060,+0.937
1652972580,+3.50,+20.514, +0.060,+0.937
1652972640,+3.50,+20.514, +0.060,+0.937
1652972700,+3.50,+20.514, +0.059,+0.937
1652972760,+3.50,+20.522, +0.059,+0.937
1652972820,+3.50,+20.522, +0.059,+0.937
1652972880,+3.50,+20.505, +0.059,+0.937
1652972940,+3.50,+20.497, +0.060,+0.937
1652973000,+3.50,+20.488, +0.059,+0.937
1652973060,+3.50,+20.497, +0.059,+0.937
1652973120,+3.50,+20.497, +0.059,+0.937
1652973180,+3.50,+20.488, +0.060,+0.937
1652973240,+3.50,+20.497, +0.059,+0.936
1652973300,+3.50,+20.463, +0.060,+0.937
1652973360,+3.50,+20.480, +0.060,+0.937
1652973420,+3.50,+20.480, +0.060,+0.937
1652973480,+3.50,+20.472, +0.060,+0.937
1652973540,+3.50,+20.472, +0.060,+0.937
1652973600,+3.50,+20.480, +0.059,+0.937
1652973660,+3.50,+20.472, +0.059,+0.937
1652973720,+3.50,+20.463, +0.059,+0.937
1652973780,+3.50,+20.480, +0.060,+0.937
1652973840,+3.50,+20.447, +0.060,+0.937
1652973900,+3.50,+20.447, +0.060,+0.937
1652973960,+3.50,+20.472, +0.060,+0.937
1652974020,+3.50,+20.447, +0.060,+0.937
1652974080,+3.50,+20.455, +0.060,+0.937
1652974140,+3.50,+20.447, +0.060,+0.937
1652974200,+3.50,+20.463, +0.059,+0.937
1652974260,+3.50,+20.438, +0.060,+0.937
1652974320,+3.50,+20.447, +0.060,+0.937
1652974380,+3.50,+20.438, +0.059,+0.937
1652974440,+3.50,+20.438, +0.060,+0.937
1652974500,+3.50,+20.447, +0.060,+0.937
1652974560,+3.50,+20.430, +0.060,+0.937
1652974620,+3.50,+20.438, +0.060,+0.937
1652974680,+3.50,+20.438, +0.060,+0.937
1652974740,+3.50,+20.447, +0.059,+0.937
1652974800,+3.50,+20.430, +0.060,+0.937
1652974860,+3.50,+20.421, +0.060,+0.937
1652974920,+3.50,+20.430, +0.060,+0.937
1652974980,+3.50,+20.413, +0.060,+0.937
1652975040,+3.50,+20.413, +0.060,+0.937
1652975100,+3.50,+20.413, +0.060,+0.937
1652975160,+3.50,+20.405, +0.060,+0.937
1652975220,+3.50,+20.421, +0.060,+0.937
1652975280,+3.50,+20.421, +0.060,+0.937
1652975340,+3.50,+20.405, +0.060,+0.937
1652975400,+3.50,+20.413, +0.060,+0.937
1652975460,+3.50,+20.413, +0.060,+0.937
1652975520,+3.50,+20.380, +0.060,+0.937
1652975580,+3.50,+20.396, +0.059,+0.937
1652975640,+3.50,+20.388, +0.060,+0.937
1652975700,+3.50,+20.405, +0.060,+0.937
1652975760,+3.50,+20.405, +0.060,+0.937
1652975820,+3.50,+20.396, +0.060,+0.937
1652975880,+3.50,+20.388, +0.060,+0.937
1652975940,+3.50,+20.396, +0.060,+0.937
1652976000,+3.50,+20.405, +0.060,+0.937
1652976060,+3.50,+20.371, +0.059,+0.937
1652976120,+3.50,+20.380, +0.060,+0.937
1652976180,+3.50,+20.388, +0.059,+0.937
1652976240,+3.50,+20.388, +0.058,+0.936
1652976300,+3.50,+20.405, +0.059,+0.937
1652976360,+3.50,+20.371, +0.060,+0.937
1652976420,+3.50,+20.363, +0.060,+0.937
1652976480,+3.50,+20.371, +0.059,+0.937
1652976540,+3.50,+20.371, +0.060,+0.937
1652976600,+3.50,+20.371, +0.060,+0.937
1652976660,+3.50,+20.355, +0.060,+0.937
1652976720,+3.50,+20.363, +0.060,+0.937
1652976780,+3.50,+20.363, +0.060,+0.937
1652976840,+3.50,+20.363, +0.060,+0.937
1652976900,+3.50,+20.355, +0.060,+0.937
1652976960,+3.50,+20.363, +0.059,+0.937
1652977020,+3.50,+20.355, +0.059,+0.937
1652977080,+3.50,+20.363, +0.060,+0.937
1652977140,+3.50,+20.338, +0.060,+0.937
1652977200,+3.50,+20.355, +0.060,+0.937
1652977260,+3.50,+20.346, +0.060,+0.937
1652977320,+3.50,+20.329, +0.060,+0.937
1652977380,+3.50,+20.329, +0.060,+0.937
1652977440,+3.50,+20.346, +0.059,+0.937
1652977500,+3.50,+20.338, +0.059,+0.937
1652977560,+3.50,+20.329, +0.060,+0.937
1652977620,+3.50,+20.321, +0.060,+0.937
1652977680,+3.50,+20.338, +0.060,+0.937
1652977740,+3.50,+20.313, +0.060,+0.937
1652977800,+3.50,+20.321, +0.060,+0.937
1652977860,+3.50,+20.329, +0.060,+0.937
1652977920,+3.50,+20.321, +0.060,+0.937
1652977980,+3.50,+20.321, +0.060,+0.937
1652978040,+3.50,+20.329, +0.060,+0.937
1652978100,+3.50,+20.321, +0.060,+0.937
1652978160,+3.50,+20.329, +0.060,+0.937
1652978220,+3.50,+20.304, +0.060,+0.937
1652978280,+3.50,+20.321, +0.060,+0.937
1652978340,+3.50,+20.313, +0.060,+0.937
1652978400,+3.50,+20.304, +0.060,+0.937
1652978460,+3.50,+20.288, +0.060,+0.937
1652978520,+3.50,+20.313, +0.060,+0.937
1652978580,+3.50,+20.288, +0.060,+0.937
1652978640,+3.50,+20.321, +0.060,+0.937
1652978700,+3.50,+20.321, +0.060,+0.937
1652978760,+3.50,+20.279, +0.060,+0.937
1652978820,+3.50,+20.296, +0.060,+0.937
1652978880,+3.50,+20.279, +0.060,+0.937
1652978940,+3.50,+20.304, +0.059,+0.937
1652979000,+3.50,+20.296, +0.060,+0.937
1652979060,+3.50,+20.296, +0.060,+0.937
1652979120,+3.50,+20.288, +0.060,+0.937
1652979180,+3.50,+20.279, +0.060,+0.937
1652979240,+3.50,+20.288, +0.060,+0.937
1652979300,+3.50,+20.279, +0.061,+0.937
1652979360,+3.50,+20.279, +0.060,+0.937
1652979420,+3.50,+20.279, +0.060,+0.937
1652979480,+3.50,+20.262, +0.061,+0.937
1652979540,+3.50,+20.279, +0.060,+0.937
1652979600,+3.50,+20.288, +0.060,+0.937
1652979660,+3.50,+20.271, +0.060,+0.937
1652979720,+3.50,+20.279, +0.060,+0.937
1652979780,+3.50,+20.271, +0.060,+0.937
1652979840,+3.50,+20.271, +0.060,+0.937
1652979900,+3.50,+20.262, +0.060,+0.937
1652979960,+3.50,+20.262, +0.060,+0.937
1652980020,+3.50,+20.246, +0.060,+0.937
1652980080,+3.50,+20.246, +0.060,+0.937
1652980140,+3.50,+20.271, +0.060,+0.937
1652980200,+3.50,+20.262, +0.060,+0.937
1652980260,+3.50,+20.254, +0.060,+0.937
1652980320,+3.50,+20.237, +0.060,+0.937
1652980380,+3.50,+20.254, +0.060,+0.937
1652980440,+3.50,+20.237, +0.059,+0.937
1652980500,+3.50,+20.246, +0.060,+0.937
1652980560,+3.50,+20.246, +0.061,+0.937
1652980620,+3.50,+20.246, +0.060,+0.937
1652980680,+3.50,+20.246, +0.060,+0.937
1652980740,+3.50,+20.246, +0.060,+0.937
1652980800,+3.50,+20.246, +0.060,+0.937
1652980860,+3.50,+20.229, +0.060,+0.937
1652980920,+3.50,+20.221, +0.060,+0.937
1652980980,+3.50,+20.221, +0.060,+0.937
1652981040,+3.50,+20.237, +0.060,+0.937
1652981100,+3.50,+20.254, +0.060,+0.937
1652981160,+3.50,+20.237, +0.060,+0.937
1652981220,+3.50,+20.221, +0.060,+0.937
1652981280,+3.50,+20.221, +0.060,+0.937
1652981340,+3.50,+20.237, +0.060,+0.937
1652981400,+3.50,+20.237, +0.060,+0.937
1652981460,+3.50,+20.221, +0.061,+0.937
1652981520,+3.50,+20.221, +0.060,+0.937
1652981580,+3.50,+20.229, +0.060,+0.937
1652981640,+3.50,+20.212, +0.060,+0.937
1652981700,+3.50,+20.221, +0.060,+0.937
1652981760,+3.50,+20.196, +0.060,+0.937
1652981820,+3.50,+20.204, +0.060,+0.937
1652981880,+3.50,+20.212, +0.061,+0.937
1652981940,+3.50,+20.204, +0.060,+0.937
1652982000,+3.50,+20.212, +0.060,+0.937
1652982060,+3.50,+20.187, +0.060,+0.937
1652982120,+3.50,+20.204, +0.060,+0.937
1652982180,+3.50,+20.204, +0.060,+0.937
1652982240,+3.50,+20.204, +0.061,+0.937
1652982300,+3.50,+20.204, +0.060,+0.937
1652982360,+3.50,+20.212, +0.060,+0.937
1652982420,+3.50,+20.204, +0.059,+0.937
1652982480,+3.50,+20.187, +0.060,+0.937
1652982540,+3.50,+20.179, +0.060,+0.937
1652982600,+3.50,+20.196, +0.060,+0.937
1652982660,+3.50,+20.187, +0.060,+0.937
1652982720,+3.50,+20.196, +0.060,+0.937
1652982780,+3.50,+20.170, +0.060,+0.937
1652982840,+3.50,+20.187, +0.060,+0.937
1652982900,+3.50,+20.196, +0.061,+0.937
1652982960,+3.50,+20.187, +0.060,+0.937
1652983020,+3.50,+20.196, +0.059,+0.937
1652983080,+3.50,+20.196, +0.060,+0.937
1652983140,+3.50,+20.204, +0.060,+0.937
1652983200,+3.50,+20.179, +0.060,+0.937
1652983260,+3.50,+20.179, +0.060,+0.937
1652983320,+3.50,+20.187, +0.061,+0.937
1652983380,+3.50,+20.170, +0.060,+0.937
1652983440,+3.50,+20.187, +0.060,+0.937
1652983500,+3.50,+20.170, +0.060,+0.937
1652983560,+3.50,+20.196, +0.060,+0.937
1652983620,+3.50,+20.179, +0.060,+0.937
1652983680,+3.50,+20.187, +0.060,+0.937
1652983740,+3.50,+20.179, +0.061,+0.937
1652983800,+3.50,+20.196, +0.060,+0.937
1652983860,+3.50,+20.170, +0.060,+0.937
1652983920,+3.50,+20.187, +0.060,+0.937
1652983980,+3.50,+20.170, +0.060,+0.937
1652984040,+3.50,+20.170, +0.060,+0.937
1652984100,+3.50,+20.179, +0.060,+0.937
1652984160,+3.50,+20.170, +0.060,+0.937
1652984220,+3.50,+20.179, +0.060,+0.937
1652984280,+3.50,+20.179, +0.060,+0.937
1652984340,+3.50,+20.170, +0.060,+0.937
1652984400,+3.50,+20.170, +0.061,+0.937
1652984460,+3.50,+20.179, +0.060,+0.937
1652984520,+3.50,+20.187, +0.060,+0.937
1652984580,+3.50,+20.179, +0.061,+0.937
1652984640,+3.50,+20.187, +0.060,+0.937
1652984700,+3.50,+20.170, +0.060,+0.937
1652984760,+3.50,+20.179, +0.061,+0.937
1652984820,+3.50,+20.162, +0.060,+0.937
1652984880,+3.50,+20.179, +0.060,+0.937
1652984940,+3.50,+20.179, +0.060,+0.937
1652985000,+3.50,+20.187, +0.060,+0.937
1652985060,+3.50,+20.170, +0.060,+0.937
1652985120,+3.50,+20.187, +0.059,+0.937
1652985180,+3.50,+20.204, +0.060,+0.937
1652985240,+3.50,+20.187, +0.060,+0.937
1652985300,+3.50,+20.187, +0.060,+0.937
1652985360,+3.50,+20.187, +0.060,+0.937
1652985420,+3.50,+20.187, +0.061,+0.937
1652985480,+3.50,+20.187, +0.060,+0.937
1652985540,+3.50,+20.179, +0.061,+0.937
1652985600,+3.50,+20.179, +0.061,+0.937
1652985660,+3.50,+20.187, +0.060,+0.937
1652985720,+3.50,+20.196, +0.060,+0.937
1652985780,+3.50,+20.187, +0.060,+0.937
1652985840,+3.49,+20.229, +8.118,+0.958
1652985900,+3.49,+19.894, +8.810,+0.957
1652985960,+3.49,+19.458, +8.975,+0.957
1652986020,+3.50,+19.156, +9.092,+0.957
1652986080,+3.50,+19.005, +9.100,+0.957
1652986140,+3.49,+18.888, +9.104,+0.958
1652986200,+3.49,+18.787, +9.178,+0.957
1652986260,+3.49,+18.804, +9.151,+0.957
1652986320,+3.49,+18.812, +9.137,+0.956
1652986380,+3.49,+18.795, +9.165,+0.956
1652986440,+3.49,+18.787, +9.181,+0.956
1652986500,+3.49,+18.787, +9.168,+0.956
1652986560,+3.49,+18.804, +9.174,+0.956
1652986620,+3.49,+18.804, +9.168,+0.956
1652986680,+3.49,+18.837, +9.197,+0.957
1652986740,+3.49,+18.921, +9.239,+0.956
1652986800,+3.50,+19.005, +9.248,+0.956
1652986860,+3.50,+19.089, +9.232,+0.956
1652986920,+3.50,+19.123, +9.247,+0.957
1652986980,+3.50,+19.190, +9.224,+0.956
1652987040,+3.50,+19.224, +9.204,+0.956
1652987100,+3.50,+19.240, +9.217,+0.956
1652987160,+3.50,+19.291, +9.205,+0.956
1652987220,+3.50,+19.349, +9.189,+0.956
1652987280,+3.50,+19.383, +9.197,+0.956
1652987340,+3.49,+19.433, +9.180,+0.956
1652987400,+3.49,+19.467, +9.177,+0.956
1652987460,+3.49,+19.517, +9.166,+0.955
1652987520,+3.49,+19.559, +9.165,+0.956
1652987580,+3.49,+19.609, +9.149,+0.956
1652987640,+3.49,+19.634, +9.163,+0.956
1652987700,+3.49,+19.693, +9.160,+0.956
1652987760,+3.49,+19.752, +9.132,+0.956
1652987820,+3.49,+19.785, +9.136,+0.956
1652987880,+3.49,+19.827, +9.142,+0.956
1652987940,+3.49,+19.869, +9.107,+0.956
1652988000,+3.49,+19.902, +9.128,+0.957
1652988060,+3.49,+19.953, +9.101,+0.956
1652988120,+3.49,+19.978, +9.107,+0.956
1652988180,+3.49,+20.020, +9.094,+0.956
1652988240,+3.49,+20.062, +9.088,+0.956
1652988300,+3.50,+20.078, +9.075,+0.955
1652988360,+3.50,+20.103, +9.083,+0.956
1652988420,+3.50,+20.145, +9.066,+0.956
1652988480,+3.50,+20.187, +9.052,+0.955
1652988540,+3.50,+20.212, +9.067,+0.956
1652988600,+3.49,+20.237, +9.056,+0.955
1652988660,+3.49,+20.279, +9.048,+0.956
1652988720,+3.49,+20.304, +9.050,+0.956
1652988780,+3.49,+20.321, +9.049,+0.956
1652988840,+3.49,+20.355, +9.045,+0.956
1652988900,+3.49,+20.405, +9.032,+0.955
1652988960,+3.49,+20.421, +9.036,+0.956
1652989020,+3.49,+20.472, +9.022,+0.956
1652989080,+3.49,+20.505, +9.025,+0.956
1652989140,+3.49,+20.530, +9.008,+0.955
1652989200,+3.49,+20.564, +9.013,+0.956
1652989260,+3.49,+20.597, +9.003,+0.956
1652989320,+3.49,+20.639, +9.003,+0.956
1652989380,+3.49,+20.664, +8.999,+0.956
1652989440,+3.49,+20.689, +8.998,+0.956
1652989500,+3.49,+20.706, +8.996,+0.956
1652989560,+3.49,+20.723, +8.979,+0.955
1652989620,+3.49,+20.756, +8.981,+0.955
1652989680,+3.49,+20.798, +8.976,+0.956
1652989740,+3.49,+20.815, +8.972,+0.956
1652989800,+3.49,+20.848, +8.961,+0.955
1652989860,+3.49,+20.882, +8.958,+0.955
1652989920,+3.49,+20.882, +8.966,+0.956
1652989980,+3.49,+20.923, +8.960,+0.955
1652990040,+3.49,+20.974, +8.941,+0.955
1652990100,+3.49,+21.015, +8.946,+0.956
1652990160,+3.49,+21.049, +8.933,+0.955
1652990220,+3.49,+21.074, +8.949,+0.956
1652990280,+3.49,+21.124, +8.920,+0.955
1652990340,+3.49,+21.183, +8.924,+0.956
1652990400,+3.49,+21.224, +8.906,+0.955
1652990460,+3.49,+21.249, +8.902,+0.955
1652990520,+3.49,+21.291, +8.900,+0.955
1652990580,+3.49,+21.341, +8.890,+0.955
1652990640,+3.49,+21.383, +8.884,+0.955
1652990700,+3.49,+21.408, +8.883,+0.955
1652990760,+3.49,+21.458, +8.879,+0.955
1652990820,+3.49,+21.500, +8.873,+0.955
1652990880,+3.49,+21.542, +8.858,+0.955
1652990940,+3.49,+21.559, +8.861,+0.955
1652991000,+3.49,+21.592, +8.864,+0.956
1652991060,+3.49,+21.634, +8.857,+0.955
1652991120,+3.49,+21.659, +8.844,+0.955
1652991180,+3.49,+21.701, +8.842,+0.955
1652991240,+3.49,+21.718, +8.845,+0.956
1652991300,+3.49,+21.743, +8.846,+0.956
1652991360,+3.49,+21.793, +8.830,+0.955
1652991420,+3.49,+21.826, +8.831,+0.955
1652991480,+3.49,+21.851, +8.825,+0.955
1652991540,+3.49,+21.868, +8.821,+0.955
1652991600,+3.49,+21.893, +8.832,+0.956
1652991660,+3.49,+21.927, +8.811,+0.955
1652991720,+3.49,+21.977, +8.801,+0.955
1652991780,+3.49,+21.993, +8.802,+0.955
1652991840,+3.49,+22.010, +8.803,+0.955
1652991900,+3.49,+22.035, +8.804,+0.955
1652991960,+3.49,+22.077, +8.788,+0.954
1652992020,+3.49,+22.094, +8.798,+0.955
1652992080,+3.49,+22.127, +8.786,+0.955
1652992140,+3.49,+22.152, +8.786,+0.955
1652992200,+3.49,+22.169, +8.776,+0.954
1652992260,+3.49,+22.202, +8.779,+0.955
1652992320,+3.49,+22.219, +8.782,+0.955
1652992380,+3.49,+22.236, +8.767,+0.955
1652992440,+3.49,+22.261, +8.773,+0.955
1652992500,+3.49,+22.294, +8.760,+0.955
1652992560,+3.49,+22.294, +8.759,+0.954
1652992620,+3.49,+22.320, +8.759,+0.955
1652992680,+3.49,+22.345, +8.759,+0.955
1652992740,+3.49,+22.370, +8.758,+0.955
1652992800,+3.49,+22.386, +8.748,+0.955
1652992860,+3.49,+22.403, +8.745,+0.954
1652992920,+3.49,+22.445, +8.737,+0.954
1652992980,+3.49,+22.445, +8.751,+0.955
1652993040,+3.49,+22.462, +8.733,+0.954
1652993100,+3.49,+22.495, +8.726,+0.955
1652993160,+3.49,+22.495, +8.730,+0.954
1652993220,+3.49,+22.520, +8.735,+0.954
1652993280,+3.49,+22.545, +8.734,+0.955
1652993340,+3.49,+22.562, +8.723,+0.954
1652993400,+3.49,+22.562, +8.729,+0.955
1652993460,+3.49,+22.579, +8.726,+0.955
1652993520,+3.49,+22.612, +8.716,+0.955
1652993580,+3.49,+22.646, +8.715,+0.955
1652993640,+3.49,+22.696, +8.704,+0.954
