7450-149332
OS REV: 1.05 Sensor Cal: 1629387177
Time (sec),  BV (Volts),  T (deg C),  DO (mg/l),  Q ()
1652910840,+3.48,+19.899, +0.044,+0.919
1652910900,+3.49,+19.916, +0.043,+0.919
1652910960,+3.49,+19.916, +0.044,+0.919
1652911020,+3.48,+19.899, +0.044,+0.919
1652911080,+3.48,+19.925, +0.044,+0.919
1652911140,+3.48,+19.908, +0.044,+0.919
1652911200,+3.48,+19.925, +0.044,+0.919
1652911260,+3.48,+19.933, +0.044,+0.919
1652911320,+3.48,+19.908, +0.044,+0.919
1652911380,+3.49,+19.941, +0.044,+0.919
1652911440,+3.48,+19.941, +0.044,+0.919
1652911500,+3.48,+19.925, +0.044,+0.919
1652911560,+3.48,+19.941, +0.044,+0.919
1652911620,+3.48,+19.941, +0.043,+0.919
1652911680,+3.49,+19.941, +0.044,+0.919
1652911740,+3.48,+19.941, +0.044,+0.919
1652911800,+3.48,+19.975, +0.044,+0.919
1652911860,+3.48,+19.933, +0.044,+0.919
1652911920,+3.48,+19.933, +0.045,+0.919
1652911980,+3.49,+19.983, +0.044,+0.919
1652912040,+3.49,+19.966, +0.044,+0.919
1652912100,+3.49,+19.983, +0.044,+0.919
1652912160,+3.49,+19.992, +0.044,+0.919
1652912220,+3.48,+19.992, +0.043,+0.919
1652912280,+3.49,+19.975, +0.044,+0.919
1652912340,+3.48,+19.983, +0.044,+0.919
1652912400,+3.49,+19.975, +0.045,+0.919
1652912460,+3.49,+20.000, +0.044,+0.919
1652912520,+3.49,+20.008, +0.044,+0.919
1652912580,+3.49,+19.992, +0.044,+0.919
1652912640,+3.49,+20.000, +0.045,+0.919
1652912700,+3.49,+20.008, +0.044,+0.919
1652912760,+3.49,+20.025, +0.044,+0.919
1652912820,+3.49,+20.025, +0.044,+0.919
1652912880,+3.49,+20.017, +0.044,+0.919
1652912940,+3.49,+20.050, +0.044,+0.919
1652913000,+3.49,+20.025, +0.044,+0.919
1652913060,+3.49,+20.050, +0.044,+0.919
1652913120,+3.49,+20.042, +0.043,+0.919
1652913180,+3.49,+20.017, +0.044,+0.919
1652913240,+3.49,+20.042, +0.043,+0.919
1652913300,+3.49,+20.042, +0.044,+0.919
1652913360,+3.49,+20.050, +0.044,+0.919
1652913420,+3.49,+20.059, +0.044,+0.919
1652913480,+3.49,+20.050, +0.044,+0.919
1652913540,+3.49,+20.067, +0.044,+0.919
1652913600,+3.49,+20.050, +0.044,+0.919
1652913660,+3.49,+20.075, +0.044,+0.919
1652913720,+3.49,+20.092, +0.043,+0.919
1652913780,+3.49,+20.067, +0.044,+0.919
1652913840,+3.49,+20.084, +0.043,+0.919
1652913900,+3.49,+20.092, +0.044,+0.919
1652913960,+3.49,+20.075, +0.045,+0.919
1652914020,+3.49,+20.100, +0.043,+0.919
1652914080,+3.49,+20.109, +0.043,+0.919
1652914140,+3.49,+20.117, +0.044,+0.919
1652914200,+3.49,+20.100, +0.044,+0.919
1652914260,+3.49,+20.109, +0.044,+0.919
1652914320,+3.49,+20.117, +0.043,+0.919
1652914380,+3.49,+20.126, +0.044,+0.919
1652914440,+3.49,+20.142, +0.044,+0.919
1652914500,+3.49,+20.142, +0.044,+0.919
1652914560,+3.49,+20.142, +0.044,+0.919
1652914620,+3.49,+20.142, +0.044,+0.919
1652914680,+3.49,+20.134, +0.043,+0.919
1652914740,+3.49,+20.151, +0.044,+0.919
1652914800,+3.49,+20.151, +0.044,+0.919
1652914860,+3.49,+20.134, +0.043,+0.919
1652914920,+3.49,+20.151, +0.043,+0.918
1652914980,+3.49,+20.167, +0.043,+0.919
1652915040,+3.49,+20.167, +0.044,+0.919
1652915100,+3.49,+20.151, +0.043,+0.919
1652915160,+3.49,+20.159, +0.043,+0.919
1652915220,+3.49,+20.167, +0.044,+0.919
1652915280,+3.49,+20.193, +0.043,+0.919
1652915340,+3.49,+20.159, +0.043,+0.919
1652915400,+3.49,+20.184, +0.044,+0.919
1652915460,+3.49,+20.193, +0.044,+0.919
1652915520,+3.49,+20.201, +0.043,+0.919
1652915580,+3.49,+20.201, +0.043,+0.919
1652915640,+3.49,+20.209, +0.043,+0.919
1652915700,+3.49,+20.209, +0.044,+0.919
1652915760,+3.49,+20.201, +0.043,+0.918
1652915820,+3.49,+20.226, +0.043,+0.919
1652915880,+3.49,+20.234, +0.043,+0.919
1652915940,+3.49,+20.226, +0.043,+0.919
1652916000,+3.49,+20.234, +0.043,+0.919
1652916060,+3.49,+20.251, +0.043,+0.919
1652916120,+3.49,+20.251, +0.044,+0.919
1652916180,+3.49,+20.251, +0.043,+0.919
1652916240,+3.49,+20.268, +0.043,+0.918
1652916300,+3.49,+20.259, +0.043,+0.919
1652916360,+3.49,+20.268, +0.043,+0.919
1652916420,+3.49,+20.259, +0.043,+0.919
1652916480,+3.49,+20.259, +0.043,+0.919
1652916540,+3.49,+20.276, +0.043,+0.919
1652916600,+3.49,+20.259, +0.043,+0.919
1652916660,+3.49,+20.276, +0.043,+0.919
1652916720,+3.49,+20.285, +0.043,+0.919
1652916780,+3.49,+20.301, +0.043,+0.919
1652916840,+3.49,+20.310, +0.043,+0.918
1652916900,+3.49,+20.293, +0.044,+0.919
1652916960,+3.49,+20.318, +0.043,+0.918
1652917020,+3.49,+20.318, +0.043,+0.918
1652917080,+3.49,+20.335, +0.043,+0.919
1652917140,+3.49,+20.335, +0.043,+0.919
1652917200,+3.49,+20.335, +0.043,+0.919
1652917260,+3.49,+20.343, +0.042,+0.918
1652917320,+3.49,+20.335, +0.044,+0.919
1652917380,+3.49,+20.335, +0.043,+0.919
1652917440,+3.49,+20.352, +0.043,+0.918
1652917500,+3.49,+20.343, +0.043,+0.918
1652917560,+3.49,+20.335, +0.043,+0.918
1652917620,+3.49,+20.352, +0.043,+0.919
1652917680,+3.49,+20.352, +0.043,+0.918
1652917740,+3.49,+20.360, +0.043,+0.918
1652917800,+3.49,+20.377, +0.043,+0.919
1652917860,+3.49,+20.385, +0.043,+0.918
1652917920,+3.49,+20.393, +0.043,+0.919
1652917980,+3.49,+20.393, +0.043,+0.919
1652918040,+3.49,+20.393, +0.043,+0.919
1652918100,+3.49,+20.419, +0.043,+0.919
1652918160,+3.49,+20.427, +0.043,+0.918
1652918220,+3.49,+20.402, +0.043,+0.919
1652918280,+3.49,+20.402, +0.044,+0.919
1652918340,+3.49,+20.444, +0.043,+0.918
1652918400,+3.49,+20.435, +0.043,+0.918
1652918460,+3.49,+20.444, +0.043,+0.918
1652918520,+3.49,+20.435, +0.042,+0.918
1652918580,+3.49,+20.469, +0.043,+0.918
1652918640,+3.49,+20.460, +0.043,+0.918
1652918700,+3.49,+20.452, +0.043,+0.919
1652918760,+3.49,+20.469, +0.042,+0.918
1652918820,+3.49,+20.477, +0.043,+0.918
1652918880,+3.49,+20.477, +0.042,+0.918
1652918940,+3.49,+20.485, +0.043,+0.919
1652919000,+3.49,+20.485, +0.043,+0.918
1652919060,+3.49,+20.469, +0.043,+0.918
1652919120,+3.49,+20.485, +0.043,+0.918
1652919180,+3.49,+20.494, +0.044,+0.918
1652919240,+3.49,+20.511, +0.043,+0.918
1652919300,+3.49,+20.511, +0.043,+0.918
1652919360,+3.49,+20.519, +0.043,+0.918
1652919420,+3.49,+20.519, +0.043,+0.918
1652919480,+3.49,+20.527, +0.043,+0.918
1652919540,+3.49,+20.544, +0.043,+0.918
1652919600,+3.49,+20.544, +0.043,+0.918
1652919660,+3.49,+20.544, +0.043,+0.918
1652919720,+3.49,+20.561, +0.042,+0.918
1652919780,+3.49,+20.578, +0.042,+0.918
1652919840,+3.49,+20.552, +0.043,+0.918
1652919900,+3.49,+20.578, +0.043,+0.918
1652919960,+3.49,+20.578, +0.043,+0.918
1652920020,+3.49,+20.578, +0.043,+0.918
1652920080,+3.49,+20.603, +0.043,+0.918
1652920140,+3.49,+20.611, +0.043,+0.918
1652920200,+3.49,+20.611, +0.043,+0.918
1652920260,+3.49,+20.611, +0.042,+0.918
1652920320,+3.49,+20.628, +0.042,+0.918
1652920380,+3.49,+20.619, +0.042,+0.918
1652920440,+3.49,+20.636, +0.043,+0.918
1652920500,+3.49,+20.644, +0.043,+0.918
1652920560,+3.49,+20.644, +0.042,+0.918
1652920620,+3.49,+20.661, +0.042,+0.918
1652920680,+3.49,+20.653, +0.043,+0.918
1652920740,+3.49,+20.661, +0.043,+0.918
1652920800,+3.49,+20.678, +0.043,+0.918
1652920860,+3.49,+20.678, +0.043,+0.918
1652920920,+3.49,+20.670, +0.043,+0.918
1652920980,+3.49,+20.678, +0.042,+0.918
1652921040,+3.49,+20.686, +0.042,+0.918
1652921100,+3.49,+20.703, +0.042,+0.918
1652921160,+3.49,+20.711, +0.043,+0.918
1652921220,+3.49,+20.720, +0.043,+0.918
1652921280,+3.49,+20.711, +0.043,+0.918
1652921340,+3.49,+20.720, +0.043,+0.918
1652921400,+3.49,+20.736, +0.042,+0.918
1652921460,+3.49,+20.728, +0.042,+0.918
1652921520,+3.49,+20.728, +0.042,+0.918
1652921580,+3.49,+20.736, +0.042,+0.918
1652921640,+3.49,+20.745, +0.043,+0.918
1652921700,+3.49,+20.770, +0.043,+0.918
1652921760,+3.49,+20.770, +0.042,+0.918
1652921820,+3.49,+20.778, +0.042,+0.918
1652921880,+3.49,+20.778, +0.042,+0.918
1652921940,+3.49,+20.778, +0.042,+0.918
1652922000,+3.49,+20.787, +0.042,+0.918
1652922060,+3.49,+20.803, +0.042,+0.918
1652922120,+3.49,+20.803, +0.042,+0.918
1652922180,+3.49,+20.803, +0.042,+0.918
1652922240,+3.49,+20.803, +0.042,+0.918
1652922300,+3.49,+20.812, +0.042,+0.918
1652922360,+3.49,+20.812, +0.042,+0.918
1652922420,+3.49,+20.812, +0.042,+0.918
1652922480,+3.49,+20.820, +0.042,+0.918
1652922540,+3.49,+20.829, +0.043,+0.918
1652922600,+3.49,+20.837, +0.042,+0.918
1652922660,+3.49,+20.837, +0.043,+0.918
1652922720,+3.49,+20.837, +0.042,+0.918
1652922780,+3.49,+20.879, +0.042,+0.918
1652922840,+3.49,+20.854, +0.043,+0.918
1652922900,+3.49,+20.845, +0.043,+0.918
1652922960,+3.49,+20.862, +0.042,+0.918
1652923020,+3.49,+20.879, +0.042,+0.918
1652923080,+3.49,+20.870, +0.042,+0.918
1652923140,+3.49,+20.879, +0.042,+0.918
1652923200,+3.49,+20.887, +0.042,+0.918
1652923260,+3.49,+20.895, +0.042,+0.918
1652923320,+3.49,+20.904, +0.042,+0.918
1652923380,+3.49,+20.887, +0.042,+0.918
1652923440,+3.49,+20.912, +0.042,+0.918
1652923500,+3.49,+20.887, +0.043,+0.918
1652923560,+3.49,+20.921, +0.041,+0.918
1652923620,+3.49,+20.929, +0.042,+0.918
1652923680,+3.49,+20.929, +0.042,+0.918
1652923740,+3.49,+20.937, +0.042,+0.918
1652923800,+3.49,+20.921, +0.042,+0.918
1652923860,+3.49,+20.921, +0.041,+0.918
1652923920,+3.49,+20.954, +0.042,+0.918
1652923980,+3.49,+20.946, +0.042,+0.918
1652924040,+3.49,+20.946, +0.043,+0.918
1652924100,+3.49,+20.946, +0.042,+0.918
1652924160,+3.49,+20.971, +0.042,+0.918
1652924220,+3.49,+20.971, +0.042,+0.918
1652924280,+3.49,+20.962, +0.042,+0.918
1652924340,+3.49,+20.979, +0.042,+0.918
1652924400,+3.49,+20.979, +0.042,+0.918
1652924460,+3.49,+20.996, +0.042,+0.918
1652924520,+3.49,+20.996, +0.042,+0.918
1652924580,+3.49,+20.996, +0.042,+0.918
1652924640,+3.49,+21.004, +0.042,+0.918
1652924700,+3.49,+21.004, +0.041,+0.918
1652924760,+3.49,+21.004, +0.042,+0.918
1652924820,+3.49,+21.021, +0.041,+0.918
1652924880,+3.49,+21.021, +0.042,+0.918
1652924940,+3.49,+21.029, +0.042,+0.918
1652925000,+3.49,+21.021, +0.042,+0.918
1652925060,+3.49,+21.021, +0.042,+0.918
1652925120,+3.49,+21.046, +0.042,+0.918
1652925180,+3.49,+21.063, +0.042,+0.918
1652925240,+3.49,+21.071, +0.041,+0.918
1652925300,+3.49,+21.071, +0.041,+0.918
1652925360,+3.49,+21.063, +0.042,+0.918
1652925420,+3.49,+21.054, +0.041,+0.918
1652925480,+3.49,+21.079, +0.042,+0.918
1652925540,+3.49,+21.079, +0.041,+0.918
1652925600,+3.49,+21.071, +0.042,+0.918
1652925660,+3.49,+21.088, +0.042,+0.918
1652925720,+3.49,+21.079, +0.042,+0.918
1652925780,+3.49,+21.079, +0.042,+0.918
1652925840,+3.49,+21.088, +0.041,+0.918
1652925900,+3.49,+21.079, +0.041,+0.918
1652925960,+3.49,+21.096, +0.042,+0.918
1652926020,+3.49,+21.096, +0.042,+0.918
1652926080,+3.49,+21.113, +0.041,+0.918
1652926140,+3.49,+21.113, +0.041,+0.918
1652926200,+3.49,+21.121, +0.042,+0.918
1652926260,+3.49,+21.121, +0.041,+0.918
1652926320,+3.49,+21.105, +0.041,+0.918
1652926380,+3.49,+21.121, +0.042,+0.918
1652926440,+3.49,+21.130, +0.041,+0.918
1652926500,+3.49,+21.146, +0.042,+0.918
1652926560,+3.49,+21.130, +0.042,+0.918
1652926620,+3.49,+21.146, +0.042,+0.918
1652926680,+3.49,+21.138, +0.042,+0.918
1652926740,+3.49,+21.155, +0.042,+0.918
1652926800,+3.49,+21.171, +0.042,+0.918
1652926860,+3.49,+21.155, +0.042,+0.918
1652926920,+3.49,+21.138, +0.041,+0.918
1652926980,+3.49,+21.146, +0.041,+0.918
1652927040,+3.49,+21.180, +0.042,+0.918
1652927100,+3.49,+21.180, +0.041,+0.918
1652927160,+3.49,+21.171, +0.041,+0.918
1652927220,+3.49,+21.171, +0.041,+0.918
1652927280,+3.49,+21.188, +0.041,+0.918
1652927340,+3.49,+21.180, +0.041,+0.918
1652927400,+3.49,+21.180, +0.042,+0.918
1652927460,+3.49,+21.205, +0.041,+0.918
1652927520,+3.49,+21.180, +0.041,+0.918
1652927580,+3.49,+21.205, +0.041,+0.918
1652927640,+3.49,+21.197, +0.042,+0.918
1652927700,+3.49,+21.213, +0.041,+0.918
1652927760,+3.49,+21.213, +0.040,+0.918
1652927820,+3.49,+21.205, +0.041,+0.918
1652927880,+3.49,+21.213, +0.042,+0.918
1652927940,+3.49,+21.238, +0.041,+0.918
1652928000,+3.49,+21.213, +0.042,+0.918
1652928060,+3.49,+21.222, +0.042,+0.918
1652928120,+3.49,+21.230, +0.042,+0.918
1652928180,+3.49,+21.247, +0.041,+0.918
1652928240,+3.49,+21.230, +0.041,+0.918
1652928300,+3.49,+21.247, +0.041,+0.918
1652928360,+3.49,+21.263, +0.041,+0.918
1652928420,+3.49,+21.247, +0.042,+0.918
1652928480,+3.49,+21.247, +0.041,+0.918
1652928540,+3.49,+21.247, +0.041,+0.918
1652928600,+3.49,+21.255, +0.041,+0.918
1652928660,+3.49,+21.263, +0.041,+0.918
1652928720,+3.49,+21.263, +0.042,+0.918
1652928780,+3.49,+21.280, +0.041,+0.918
1652928840,+3.49,+21.272, +0.040,+0.918
1652928900,+3.49,+21.263, +0.042,+0.918
1652928960,+3.49,+21.288, +0.041,+0.918
1652929020,+3.49,+21.280, +0.042,+0.918
1652929080,+3.49,+21.297, +0.041,+0.918
1652929140,+3.49,+21.288, +0.041,+0.918
1652929200,+3.49,+21.297, +0.041,+0.918
1652929260,+3.49,+21.305, +0.041,+0.918
1652929320,+3.49,+21.305, +0.041,+0.918
1652929380,+3.49,+21.297, +0.041,+0.918
1652929440,+3.49,+21.305, +0.041,+0.918
1652929500,+3.49,+21.314, +0.042,+0.918
1652929560,+3.49,+21.330, +0.041,+0.918
1652929620,+3.49,+21.330, +0.040,+0.918
1652929680,+3.49,+21.305, +0.042,+0.918
1652929740,+3.49,+21.305, +0.041,+0.918
1652929800,+3.49,+21.330, +0.041,+0.918
1652929860,+3.49,+21.322, +0.041,+0.918
1652929920,+3.49,+21.339, +0.041,+0.918
1652929980,+3.49,+21.322, +0.041,+0.918
1652930040,+3.49,+21.347, +0.040,+0.918
1652930100,+3.49,+21.347, +0.041,+0.918
1652930160,+3.49,+21.347, +0.041,+0.918
1652930220,+3.49,+21.364, +0.041,+0.918
1652930280,+3.49,+21.355, +0.041,+0.918
1652930340,+3.49,+21.355, +0.041,+0.918
1652930400,+3.49,+21.355, +0.041,+0.918
1652930460,+3.49,+21.347, +0.041,+0.918
1652930520,+3.49,+21.355, +0.041,+0.918
1652930580,+3.49,+21.355, +0.041,+0.918
1652930640,+3.49,+21.355, +0.042,+0.918
1652930700,+3.49,+21.372, +0.041,+0.918
1652930760,+3.49,+21.372, +0.041,+0.918
1652930820,+3.49,+21.372, +0.041,+0.918
1652930880,+3.49,+21.389, +0.040,+0.918
1652930940,+3.49,+21.380, +0.041,+0.918
1652931000,+3.49,+21.380, +0.041,+0.918
1652931060,+3.49,+21.389, +0.041,+0.918
1652931120,+3.49,+21.380, +0.041,+0.918
1652931180,+3.49,+21.406, +0.041,+0.918
1652931240,+3.49,+21.397, +0.041,+0.918
1652931300,+3.49,+21.422, +0.041,+0.918
1652931360,+3.49,+21.414, +0.041,+0.918
1652931420,+3.49,+21.414, +0.041,+0.918
1652931480,+3.49,+21.389, +0.041,+0.918
1652931540,+3.49,+21.406, +0.041,+0.918
1652931600,+3.49,+21.406, +0.040,+0.918
1652931660,+3.49,+21.406, +0.040,+0.918
1652931720,+3.49,+21.422, +0.042,+0.918
1652931780,+3.49,+21.439, +0.041,+0.918
1652931840,+3.49,+21.431, +0.041,+0.918
1652931900,+3.49,+21.431, +0.041,+0.918
1652931960,+3.49,+21.422, +0.042,+0.918
1652932020,+3.49,+21.431, +0.041,+0.918
1652932080,+3.49,+21.431, +0.041,+0.918
1652932140,+3.49,+21.422, +0.041,+0.918
1652932200,+3.49,+21.447, +0.040,+0.918
1652932260,+3.49,+21.422, +0.041,+0.918
1652932320,+3.49,+21.422, +0.040,+0.918
1652932380,+3.49,+21.447, +0.041,+0.918
1652932440,+3.49,+21.456, +0.040,+0.918
1652932500,+3.49,+21.456, +0.041,+0.918
1652932560,+3.49,+21.456, +0.041,+0.918
1652932620,+3.49,+21.447, +0.041,+0.918
1652932680,+3.49,+21.481, +0.041,+0.918
1652932740,+3.49,+21.489, +0.040,+0.918
1652932800,+3.49,+21.481, +0.041,+0.918
1652932860,+3.49,+21.472, +0.041,+0.918
1652932920,+3.49,+21.456, +0.041,+0.918
1652932980,+3.49,+21.489, +0.041,+0.918
1652933040,+3.49,+21.464, +0.041,+0.918
1652933100,+3.49,+21.498, +0.041,+0.918
1652933160,+3.49,+21.489, +0.040,+0.918
1652933220,+3.49,+21.489, +0.041,+0.918
1652933280,+3.49,+21.481, +0.041,+0.918
1652933340,+3.49,+21.481, +0.041,+0.918
1652933400,+3.49,+21.489, +0.041,+0.918
1652933460,+3.49,+21.489, +0.041,+0.918
1652933520,+3.49,+21.481, +0.041,+0.918
1652933580,+3.49,+21.498, +0.041,+0.918
1652933640,+3.49,+21.498, +0.041,+0.918
1652933700,+3.49,+21.481, +0.041,+0.918
1652933760,+3.49,+21.514, +0.041,+0.918
1652933820,+3.49,+21.498, +0.041,+0.918
1652933880,+3.49,+21.498, +0.041,+0.918
1652933940,+3.49,+21.498, +0.041,+0.918
1652934000,+3.49,+21.498, +0.041,+0.918
1652934060,+3.49,+21.523, +0.041,+0.918
1652934120,+3.49,+21.523, +0.041,+0.918
1652934180,+3.49,+21.514, +0.041,+0.918
1652934240,+3.49,+21.523, +0.041,+0.918
1652934300,+3.49,+21.514, +0.041,+0.918
1652934360,+3.49,+21.531, +0.041,+0.918
1652934420,+3.49,+21.514, +0.041,+0.918
1652934480,+3.49,+21.514, +0.041,+0.918
1652934540,+3.49,+21.514, +0.041,+0.918
1652934600,+3.49,+21.539, +0.041,+0.918
1652934660,+3.49,+21.548, +0.041,+0.918
1652934720,+3.49,+21.539, +0.041,+0.918
1652934780,+3.49,+21.548, +0.040,+0.917
1652934840,+3.49,+21.556, +0.041,+0.918
1652934900,+3.49,+21.548, +0.041,+0.918
1652934960,+3.49,+21.539, +0.040,+0.918
1652935020,+3.49,+21.531, +0.041,+0.918
1652935080,+3.49,+21.564, +0.041,+0.918
1652935140,+3.49,+21.556, +0.041,+0.918
1652935200,+3.49,+21.573, +0.041,+0.918
1652935260,+3.49,+21.556, +0.041,+0.918
1652935320,+3.49,+21.564, +0.041,+0.918
1652935380,+3.49,+21.548, +0.041,+0.918
1652935440,+3.49,+21.581, +0.041,+0.918
1652935500,+3.49,+21.556, +0.040,+0.918
1652935560,+3.49,+21.573, +0.040,+0.918
1652935620,+3.49,+21.564, +0.041,+0.918
1652935680,+3.49,+21.573, +0.040,+0.918
1652935740,+3.49,+21.581, +0.041,+0.918
1652935800,+3.49,+21.573, +0.040,+0.918
1652935860,+3.49,+21.581, +0.040,+0.918
1652935920,+3.49,+21.598, +0.040,+0.918
1652935980,+3.49,+21.598, +0.041,+0.918
1652936040,+3.49,+21.581, +0.041,+0.918
1652936100,+3.49,+21.581, +0.041,+0.918
1652936160,+3.49,+21.581, +0.041,+0.918
1652936220,+3.49,+21.590, +0.040,+0.918
1652936280,+3.49,+21.581, +0.041,+0.918
1652936340,+3.49,+21.581, +0.040,+0.917
1652936400,+3.49,+21.598, +0.041,+0.918
1652936460,+3.49,+21.590, +0.041,+0.918
1652936520,+3.49,+21.606, +0.041,+0.918
1652936580,+3.49,+21.598, +0.041,+0.918
1652936640,+3.49,+21.598, +0.040,+0.918
1652936700,+3.49,+21.598, +0.041,+0.918
1652936760,+3.49,+21.606, +0.040,+0.918
1652936820,+3.49,+21.615, +0.040,+0.918
1652936880,+3.49,+21.598, +0.042,+0.918
1652936940,+3.49,+21.598, +0.041,+0.918
1652937000,+3.49,+21.615, +0.040,+0.918
1652937060,+3.49,+21.598, +0.041,+0.918
1652937120,+3.49,+21.623, +0.041,+0.918
1652937180,+3.49,+21.606, +0.041,+0.918
1652937240,+3.49,+21.623, +0.040,+0.918
1652937300,+3.49,+21.615, +0.041,+0.918
1652937360,+3.49,+21.623, +0.041,+0.918
1652937420,+3.49,+21.615, +0.041,+0.918
1652937480,+3.49,+21.623, +0.041,+0.918
1652937540,+3.49,+21.615, +0.041,+0.918
1652937600,+3.49,+21.615, +0.041,+0.918
1652937660,+3.49,+21.615, +0.040,+0.918
1652937720,+3.49,+21.623, +0.040,+0.918
1652937780,+3.49,+21.623, +0.040,+0.918
1652937840,+3.49,+21.631, +0.040,+0.918
1652937900,+3.49,+21.631, +0.040,+0.918
1652937960,+3.49,+21.623, +0.040,+0.918
1652938020,+3.49,+21.631, +0.041,+0.918
1652938080,+3.49,+21.640, +0.040,+0.918
1652938140,+3.49,+21.640, +0.041,+0.918
1652938200,+3.49,+21.631, +0.040,+0.918
1652938260,+3.49,+21.640, +0.040,+0.918
1652938320,+3.49,+21.648, +0.040,+0.918
1652938380,+3.49,+21.640, +0.040,+0.918
1652938440,+3.49,+21.640, +0.041,+0.918
1652938500,+3.49,+21.640, +0.040,+0.918
1652938560,+3.49,+21.640, +0.040,+0.918
1652938620,+3.49,+21.640, +0.041,+0.918
1652938680,+3.49,+21.631, +0.040,+0.918
1652938740,+3.49,+21.640, +0.041,+0.918
1652938800,+3.49,+21.648, +0.041,+0.918
1652938860,+3.49,+21.640, +0.041,+0.918
1652938920,+3.49,+21.665, +0.040,+0.918
1652938980,+3.49,+21.665, +0.040,+0.918
1652939040,+3.49,+21.656, +0.041,+0.918
1652939100,+3.49,+21.656, +0.041,+0.918
1652939160,+3.49,+21.665, +0.040,+0.918
1652939220,+3.49,+21.665, +0.040,+0.918
1652939280,+3.49,+21.656, +0.041,+0.918
1652939340,+3.49,+21.681, +0.040,+0.918
1652939400,+3.49,+21.665, +0.041,+0.918
1652939460,+3.49,+21.673, +0.040,+0.917
1652939520,+3.49,+21.681, +0.040,+0.918
1652939580,+3.49,+21.681, +0.041,+0.918
1652939640,+3.49,+21.681, +0.040,+0.918
1652939700,+3.49,+21.665, +0.041,+0.918
1652939760,+3.49,+21.690, +0.041,+0.918
1652939820,+3.49,+21.681, +0.041,+0.918
1652939880,+3.49,+21.681, +0.041,+0.918
1652939940,+3.49,+21.673, +0.041,+0.918
1652940000,+3.49,+21.690, +0.041,+0.918
1652940060,+3.49,+21.681, +0.041,+0.918
1652940120,+3.49,+21.673, +0.041,+0.918
1652940180,+3.49,+21.673, +0.041,+0.918
1652940240,+3.49,+21.673, +0.040,+0.918
1652940300,+3.49,+21.681, +0.041,+0.918
1652940360,+3.49,+21.690, +0.041,+0.918
1652940420,+3.49,+21.673, +0.041,+0.918
1652940480,+3.49,+21.690, +0.041,+0.918
1652940540,+3.49,+21.707, +0.040,+0.918
1652940600,+3.49,+21.681, +0.040,+0.918
1652940660,+3.49,+21.698, +0.041,+0.918
1652940720,+3.49,+21.698, +0.040,+0.918
1652940780,+3.49,+21.715, +0.041,+0.918
1652940840,+3.49,+21.707, +0.041,+0.918
1652940900,+3.49,+21.698, +0.041,+0.918
1652940960,+3.49,+21.707, +0.041,+0.918
1652941020,+3.49,+21.707, +0.040,+0.918
1652941080,+3.49,+21.698, +0.040,+0.918
1652941140,+3.49,+21.707, +0.041,+0.918
1652941200,+3.49,+21.698, +0.040,+0.918
1652941260,+3.49,+21.698, +0.041,+0.918
1652941320,+3.49,+21.715, +0.040,+0.918
1652941380,+3.49,+21.698, +0.040,+0.917
1652941440,+3.49,+21.690, +0.041,+0.918
1652941500,+3.49,+21.723, +0.041,+0.918
1652941560,+3.49,+21.740, +0.040,+0.918
1652941620,+3.49,+21.715, +0.040,+0.918
1652941680,+3.49,+21.723, +0.040,+0.918
1652941740,+3.49,+21.723, +0.040,+0.918
1652941800,+3.49,+21.715, +0.040,+0.918
1652941860,+3.49,+21.715, +0.040,+0.917
1652941920,+3.49,+21.723, +0.041,+0.918
1652941980,+3.49,+21.732, +0.041,+0.918
1652942040,+3.49,+21.707, +0.041,+0.918
1652942100,+3.49,+21.740, +0.040,+0.918
1652942160,+3.49,+21.715, +0.041,+0.918
1652942220,+3.49,+21.732, +0.041,+0.918
1652942280,+3.49,+21.740, +0.040,+0.918
1652942340,+3.49,+21.740, +0.041,+0.918
1652942400,+3.49,+21.723, +0.040,+0.918
1652942460,+3.49,+21.740, +0.040,+0.918
1652942520,+3.49,+21.757, +0.040,+0.918
1652942580,+3.49,+21.732, +0.041,+0.918
1652942640,+3.49,+21.740, +0.040,+0.918
1652942700,+3.49,+21.740, +0.040,+0.918
1652942760,+3.49,+21.740, +0.040,+0.917
1652942820,+3.49,+21.765, +0.040,+0.918
1652942880,+3.49,+21.740, +0.041,+0.918
1652942940,+3.49,+21.757, +0.041,+0.918
1652943000,+3.49,+21.757, +0.040,+0.918
1652943060,+3.49,+21.765, +0.040,+0.917
1652943120,+3.49,+21.748, +0.040,+0.918
1652943180,+3.49,+21.748, +0.041,+0.918
1652943240,+3.49,+21.748, +0.040,+0.917
1652943300,+3.49,+21.757, +0.041,+0.918
1652943360,+3.49,+21.748, +0.041,+0.918
1652943420,+3.49,+21.765, +0.040,+0.917
1652943480,+3.49,+21.757, +0.040,+0.918
1652943540,+3.49,+21.748, +0.040,+0.917
1652943600,+3.49,+21.757, +0.040,+0.917
1652943660,+3.49,+21.748, +0.040,+0.918
1652943720,+3.49,+21.757, +0.040,+0.918
1652943780,+3.49,+21.757, +0.040,+0.918
1652943840,+3.49,+21.748, +0.040,+0.918
1652943900,+3.49,+21.748, +0.040,+0.918
1652943960,+3.49,+21.757, +0.040,+0.918
1652944020,+3.49,+21.740, +0.040,+0.918
1652944080,+3.49,+21.773, +0.040,+0.918
1652944140,+3.49,+21.757, +0.041,+0.918
1652944200,+3.49,+21.757, +0.041,+0.918
1652944260,+3.49,+21.732, +0.040,+0.918
1652944320,+3.49,+21.748, +0.040,+0.918
1652944380,+3.49,+21.748, +0.040,+0.918
1652944440,+3.49,+21.757, +0.040,+0.918
1652944500,+3.49,+21.748, +0.041,+0.918
1652944560,+3.49,+21.757, +0.040,+0.918
1652944620,+3.49,+21.748, +0.040,+0.918
1652944680,+3.49,+21.748, +0.040,+0.918
1652944740,+3.49,+21.748, +0.040,+0.918
1652944800,+3.49,+21.732, +0.040,+0.918
1652944860,+3.49,+21.740, +0.041,+0.918
1652944920,+3.49,+21.732, +0.040,+0.918
1652944980,+3.49,+21.732, +0.041,+0.918
1652945040,+3.49,+21.748, +0.040,+0.918
1652945100,+3.49,+21.740, +0.040,+0.918
1652945160,+3.49,+21.740, +0.040,+0.918
1652945220,+3.49,+21.732, +0.040,+0.918
1652945280,+3.49,+21.732, +0.041,+0.918
1652945340,+3.49,+21.732, +0.041,+0.918
1652945400,+3.49,+21.723, +0.041,+0.918
1652945460,+3.49,+21.723, +0.040,+0.918
1652945520,+3.49,+21.723, +0.041,+0.918
1652945580,+3.49,+21.732, +0.040,+0.918
1652945640,+3.49,+21.732, +0.040,+0.918
1652945700,+3.49,+21.723, +0.040,+0.918
1652945760,+3.49,+21.732, +0.041,+0.918
1652945820,+3.49,+21.715, +0.040,+0.918
1652945880,+3.49,+21.723, +0.041,+0.918
1652945940,+3.49,+21.723, +0.040,+0.918
1652946000,+3.49,+21.698, +0.040,+0.918
1652946060,+3.49,+21.723, +0.040,+0.918
1652946120,+3.49,+21.715, +0.041,+0.918
1652946180,+3.49,+21.698, +0.041,+0.918
1652946240,+3.49,+21.715, +0.040,+0.918
1652946300,+3.49,+21.715, +0.040,+0.918
1652946360,+3.49,+21.690, +0.040,+0.918
1652946420,+3.49,+21.698, +0.041,+0.918
1652946480,+3.49,+21.698, +0.040,+0.918
1652946540,+3.49,+21.698, +0.040,+0.918
1652946600,+3.49,+21.681, +0.040,+0.918
1652946660,+3.49,+21.681, +0.040,+0.918
1652946720,+3.49,+21.673, +0.040,+0.918
1652946780,+3.49,+21.690, +0.041,+0.918
1652946840,+3.49,+21.681, +0.041,+0.918
1652946900,+3.49,+21.673, +0.040,+0.918
1652946960,+3.49,+21.673, +0.040,+0.918
1652947020,+3.49,+21.665, +0.041,+0.918
1652947080,+3.49,+21.656, +0.041,+0.918
1652947140,+3.49,+21.648, +0.040,+0.918
1652947200,+3.49,+21.665, +0.041,+0.918
1652947260,+3.49,+21.648, +0.040,+0.918
1652947320,+3.50,+21.648, +0.041,+0.918
1652947380,+3.49,+21.656, +0.040,+0.918
1652947440,+3.49,+21.656, +0.040,+0.918
1652947500,+3.49,+21.665, +0.040,+0.918
1652947560,+3.49,+21.648, +0.040,+0.918
1652947620,+3.50,+21.623, +0.040,+0.918
1652947680,+3.50,+21.615, +0.041,+0.918
1652947740,+3.50,+21.623, +0.041,+0.918
1652947800,+3.50,+21.606, +0.041,+0.918
1652947860,+3.50,+21.615, +0.040,+0.918
1652947920,+3.50,+21.615, +0.041,+0.918
1652947980,+3.50,+21.573, +0.040,+0.918
1652948040,+3.50,+21.581, +0.040,+0.918
1652948100,+3.50,+21.539, +0.041,+0.918
1652948160,+3.50,+21.539, +0.041,+0.918
1652948220,+3.50,+21.523, +0.040,+0.918
1652948280,+3.50,+21.531, +0.040,+0.918
1652948340,+3.50,+21.506, +0.041,+0.918
1652948400,+3.50,+21.506, +0.041,+0.918
1652948460,+3.50,+21.489, +0.041,+0.918
1652948520,+3.50,+21.481, +0.040,+0.918
1652948580,+3.50,+21.464, +0.041,+0.918
1652948640,+3.50,+21.472, +0.041,+0.918
1652948700,+3.50,+21.489, +0.040,+0.918
1652948760,+3.50,+21.472, +0.040,+0.918
1652948820,+3.50,+21.456, +0.041,+0.918
1652948880,+3.50,+21.456, +0.041,+0.918
1652948940,+3.50,+21.439, +0.041,+0.918
1652949000,+3.50,+21.447, +0.041,+0.918
1652949060,+3.50,+21.439, +0.041,+0.918
1652949120,+3.50,+21.456, +0.040,+0.918
1652949180,+3.50,+21.447, +0.040,+0.918
1652949240,+3.50,+21.431, +0.041,+0.918
1652949300,+3.50,+21.431, +0.040,+0.918
1652949360,+3.50,+21.447, +0.041,+0.918
1652949420,+3.50,+21.431, +0.041,+0.918
1652949480,+3.50,+21.447, +0.041,+0.918
1652949540,+3.50,+21.439, +0.040,+0.918
1652949600,+3.50,+21.439, +0.041,+0.918
1652949660,+3.50,+21.406, +0.041,+0.918
1652949720,+3.50,+21.422, +0.040,+0.918
1652949780,+3.50,+21.414, +0.040,+0.918
1652949840,+3.50,+21.439, +0.040,+0.918
1652949900,+3.50,+21.422, +0.041,+0.918
1652949960,+3.50,+21.406, +0.041,+0.918
1652950020,+3.50,+21.406, +0.040,+0.918
1652950080,+3.50,+21.422, +0.040,+0.918
1652950140,+3.50,+21.397, +0.041,+0.918
1652950200,+3.50,+21.414, +0.041,+0.918
1652950260,+3.50,+21.364, +0.041,+0.918
1652950320,+3.50,+21.380, +0.040,+0.918
1652950380,+3.50,+21.406, +0.040,+0.918
1652950440,+3.50,+21.389, +0.041,+0.918
1652950500,+3.50,+21.364, +0.041,+0.918
1652950560,+3.50,+21.380, +0.041,+0.918
1652950620,+3.50,+21.364, +0.041,+0.918
1652950680,+3.50,+21.364, +0.041,+0.918
1652950740,+3.50,+21.389, +0.041,+0.918
1652950800,+3.50,+21.364, +0.041,+0.918
1652950860,+3.50,+21.364, +0.041,+0.918
1652950920,+3.50,+21.364, +0.040,+0.918
1652950980,+3.50,+21.330, +0.041,+0.918
1652951040,+3.50,+21.347, +0.041,+0.918
1652951100,+3.50,+21.355, +0.041,+0.918
1652951160,+3.50,+21.355, +0.041,+0.918
1652951220,+3.50,+21.347, +0.041,+0.918
1652951280,+3.50,+21.364, +0.041,+0.918
1652951340,+3.50,+21.355, +0.041,+0.918
1652951400,+3.50,+21.339, +0.041,+0.918
1652951460,+3.50,+21.355, +0.041,+0.918
1652951520,+3.50,+21.330, +0.041,+0.918
1652951580,+3.50,+21.355, +0.041,+0.918
1652951640,+3.50,+21.347, +0.041,+0.918
1652951700,+3.50,+21.347, +0.040,+0.918
1652951760,+3.50,+21.314, +0.041,+0.918
1652951820,+3.50,+21.314, +0.041,+0.918
1652951880,+3.50,+21.314, +0.041,+0.918
1652951940,+3.50,+21.288, +0.042,+0.918
1652952000,+3.50,+21.288, +0.041,+0.918
1652952060,+3.50,+21.297, +0.040,+0.918
1652952120,+3.50,+21.280, +0.041,+0.918
1652952180,+3.50,+21.263, +0.040,+0.918
1652952240,+3.50,+21.263, +0.040,+0.918
1652952300,+3.50,+21.263, +0.041,+0.918
1652952360,+3.50,+21.272, +0.041,+0.918
1652952420,+3.50,+21.263, +0.041,+0.918
1652952480,+3.50,+21.238, +0.041,+0.918
1652952540,+3.50,+21.255, +0.041,+0.918
1652952600,+3.50,+21.247, +0.041,+0.918
1652952660,+3.50,+21.263, +0.040,+0.918
1652952720,+3.50,+21.247, +0.041,+0.918
1652952780,+3.50,+21.238, +0.041,+0.918
1652952840,+3.50,+21.230, +0.041,+0.918
1652952900,+3.50,+21.238, +0.041,+0.918
1652952960,+3.50,+21.222, +0.040,+0.918
1652953020,+3.50,+21.213, +0.041,+0.918
1652953080,+3.50,+21.213, +0.041,+0.918
1652953140,+3.50,+21.213, +0.041,+0.918
1652953200,+3.50,+21.222, +0.040,+0.918
1652953260,+3.50,+21.197, +0.042,+0.918
1652953320,+3.50,+21.197, +0.041,+0.918
1652953380,+3.50,+21.205, +0.042,+0.918
1652953440,+3.50,+21.197, +0.042,+0.918
1652953500,+3.50,+21.197, +0.041,+0.918
1652953560,+3.50,+21.197, +0.041,+0.918
1652953620,+3.50,+21.197, +0.041,+0.918
1652953680,+3.50,+21.188, +0.041,+0.918
1652953740,+3.50,+21.188, +0.041,+0.918
1652953800,+3.50,+21.188, +0.041,+0.918
1652953860,+3.50,+21.197, +0.041,+0.918
1652953920,+3.50,+21.188, +0.041,+0.918
1652953980,+3.50,+21.171, +0.041,+0.918
1652954040,+3.50,+21.180, +0.042,+0.918
1652954100,+3.50,+21.163, +0.041,+0.918
1652954160,+3.50,+21.171, +0.041,+0.918
1652954220,+3.50,+21.163, +0.041,+0.918
1652954280,+3.50,+21.146, +0.041,+0.918
1652954340,+3.50,+21.138, +0.041,+0.918
1652954400,+3.50,+21.163, +0.041,+0.918
1652954460,+3.50,+21.171, +0.041,+0.918
1652954520,+3.50,+21.163, +0.041,+0.918
1652954580,+3.50,+21.155, +0.041,+0.918
1652954640,+3.50,+21.171, +0.042,+0.918
1652954700,+3.50,+21.155, +0.042,+0.918
1652954760,+3.50,+21.146, +0.042,+0.918
1652954820,+3.50,+21.155, +0.041,+0.918
1652954880,+3.50,+21.146, +0.042,+0.918
1652954940,+3.50,+21.146, +0.042,+0.918
1652955000,+3.50,+21.121, +0.041,+0.918
1652955060,+3.50,+21.130, +0.041,+0.918
1652955120,+3.50,+21.130, +0.042,+0.918
1652955180,+3.50,+21.146, +0.041,+0.918
1652955240,+3.50,+21.130, +0.041,+0.918
1652955300,+3.50,+21.113, +0.042,+0.918
1652955360,+3.50,+21.113, +0.041,+0.918
1652955420,+3.50,+21.121, +0.041,+0.918
1652955480,+3.50,+21.138, +0.041,+0.918
1652955540,+3.50,+21.105, +0.041,+0.918
1652955600,+3.50,+21.121, +0.042,+0.918
1652955660,+3.50,+21.079, +0.041,+0.918
1652955720,+3.50,+21.088, +0.042,+0.918
1652955780,+3.49,+21.071, +0.041,+0.918
1652955840,+3.50,+21.079, +0.042,+0.918
1652955900,+3.50,+21.071, +0.041,+0.918
1652955960,+3.50,+21.088, +0.041,+0.918
1652956020,+3.50,+21.088, +0.041,+0.918
1652956080,+3.49,+21.079, +0.041,+0.918
1652956140,+3.49,+21.046, +0.041,+0.918
1652956200,+3.49,+21.071, +0.042,+0.918
1652956260,+3.49,+21.054, +0.042,+0.918
1652956320,+3.49,+21.063, +0.041,+0.918
1652956380,+3.49,+21.071, +0.041,+0.918
1652956440,+3.49,+21.063, +0.041,+0.918
1652956500,+3.49,+21.046, +0.041,+0.918
1652956560,+3.49,+21.071, +0.041,+0.918
1652956620,+3.49,+21.054, +0.041,+0.918
1652956680,+3.49,+21.071, +0.041,+0.918
1652956740,+3.49,+21.063, +0.041,+0.918
1652956800,+3.49,+21.071, +0.041,+0.918
1652956860,+3.49,+21.063, +0.041,+0.918
1652956920,+3.49,+21.071, +0.041,+0.918
1652956980,+3.49,+21.063, +0.042,+0.918
1652957040,+3.49,+21.063, +0.042,+0.918
1652957100,+3.49,+21.046, +0.042,+0.918
1652957160,+3.49,+21.071, +0.042,+0.918
1652957220,+3.49,+21.063, +0.042,+0.918
1652957280,+3.49,+21.046, +0.042,+0.918
1652957340,+3.49,+21.038, +0.042,+0.918
1652957400,+3.49,+21.029, +0.041,+0.918
1652957460,+3.49,+21.029, +0.041,+0.918
1652957520,+3.49,+21.038, +0.042,+0.918
1652957580,+3.49,+21.029, +0.041,+0.918
1652957640,+3.49,+21.021, +0.042,+0.918
1652957700,+3.49,+21.021, +0.042,+0.918
1652957760,+3.49,+21.021, +0.042,+0.918
1652957820,+3.49,+21.021, +0.041,+0.918
1652957880,+3.49,+21.021, +0.042,+0.918
1652957940,+3.49,+21.029, +0.041,+0.918
1652958000,+3.49,+21.004, +0.042,+0.918
1652958060,+3.49,+21.038, +0.042,+0.918
1652958120,+3.49,+21.013, +0.042,+0.918
1652958180,+3.49,+21.004, +0.041,+0.918
1652958240,+3.49,+21.021, +0.041,+0.918
1652958300,+3.49,+21.013, +0.041,+0.918
1652958360,+3.49,+20.996, +0.041,+0.918
1652958420,+3.49,+21.004, +0.041,+0.918
1652958480,+3.49,+21.004, +0.042,+0.918
1652958540,+3.49,+21.004, +0.042,+0.918
1652958600,+3.49,+20.996, +0.042,+0.918
1652958660,+3.49,+20.987, +0.041,+0.918
1652958720,+3.49,+21.004, +0.042,+0.918
1652958780,+3.49,+20.987, +0.042,+0.918
1652958840,+3.49,+20.979, +0.042,+0.918
1652958900,+3.49,+20.996, +0.041,+0.918
1652958960,+3.49,+20.979, +0.041,+0.918
1652959020,+3.49,+20.987, +0.041,+0.918
1652959080,+3.49,+20.996, +0.042,+0.918
1652959140,+3.49,+20.979, +0.042,+0.918
1652959200,+3.49,+20.979, +0.042,+0.918
1652959260,+3.49,+20.971, +0.042,+0.918
1652959320,+3.49,+20.979, +0.042,+0.918
1652959380,+3.49,+20.987, +0.041,+0.918
1652959440,+3.49,+20.962, +0.042,+0.918
1652959500,+3.49,+20.971, +0.042,+0.918
1652959560,+3.49,+20.962, +0.041,+0.918
1652959620,+3.49,+20.971, +0.041,+0.918
1652959680,+3.49,+20.946, +0.042,+0.919
1652959740,+3.49,+20.946, +0.042,+0.918
1652959800,+3.49,+20.937, +0.042,+0.918
1652959860,+3.49,+20.946, +0.042,+0.918
1652959920,+3.49,+20.946, +0.042,+0.918
1652959980,+3.49,+20.937, +0.042,+0.918
1652960040,+3.49,+20.946, +0.042,+0.918
1652960100,+3.49,+20.937, +0.042,+0.918
1652960160,+3.49,+20.929, +0.042,+0.918
1652960220,+3.49,+20.929, +0.041,+0.918
1652960280,+3.49,+20.929, +0.041,+0.918
1652960340,+3.49,+20.937, +0.042,+0.918
1652960400,+3.49,+20.946, +0.042,+0.918
1652960460,+3.49,+20.946, +0.042,+0.918
1652960520,+3.49,+20.929, +0.042,+0.918
1652960580,+3.49,+20.946, +0.041,+0.918
1652960640,+3.49,+20.937, +0.042,+0.918
1652960700,+3.49,+20.937, +0.041,+0.918
1652960760,+3.49,+20.946, +0.041,+0.918
1652960820,+3.49,+20.946, +0.042,+0.918
1652960880,+3.49,+20.929, +0.042,+0.918
1652960940,+3.49,+20.937, +0.041,+0.918
1652961000,+3.49,+20.921, +0.041,+0.918
1652961060,+3.49,+20.912, +0.042,+0.918
1652961120,+3.49,+20.912, +0.042,+0.918
1652961180,+3.49,+20.912, +0.043,+0.918
1652961240,+3.49,+20.912, +0.041,+0.918
1652961300,+3.49,+20.921, +0.042,+0.918
1652961360,+3.49,+20.904, +0.042,+0.918
1652961420,+3.49,+20.904, +0.041,+0.918
1652961480,+3.49,+20.921, +0.042,+0.918
1652961540,+3.49,+20.921, +0.042,+0.918
1652961600,+3.49,+20.912, +0.041,+0.918
1652961660,+3.49,+20.912, +0.041,+0.918
1652961720,+3.49,+20.904, +0.041,+0.918
1652961780,+3.49,+20.904, +0.042,+0.918
1652961840,+3.49,+20.895, +0.041,+0.918
1652961900,+3.49,+20.895, +0.042,+0.918
1652961960,+3.49,+20.895, +0.041,+0.918
1652962020,+3.49,+20.895, +0.042,+0.918
1652962080,+3.49,+20.895, +0.042,+0.918
1652962140,+3.49,+20.879, +0.042,+0.918
1652962200,+3.49,+20.895, +0.042,+0.918
1652962260,+3.49,+20.879, +0.042,+0.919
1652962320,+3.49,+20.870, +0.041,+0.918
1652962380,+3.49,+20.862, +0.042,+0.919
1652962440,+3.49,+20.887, +0.042,+0.919
1652962500,+3.49,+20.879, +0.042,+0.919
1652962560,+3.49,+20.879, +0.042,+0.918
1652962620,+3.49,+20.870, +0.042,+0.919
1652962680,+3.49,+20.870, +0.042,+0.918
1652962740,+3.49,+20.879, +0.042,+0.918
1652962800,+3.49,+20.854, +0.042,+0.918
1652962860,+3.49,+20.854, +0.042,+0.918
1652962920,+3.49,+20.862, +0.042,+0.918
1652962980,+3.49,+20.854, +0.042,+0.918
1652963040,+3.49,+20.854, +0.042,+0.918
1652963100,+3.49,+20.870, +0.042,+0.918
1652963160,+3.49,+20.854, +0.042,+0.918
1652963220,+3.49,+20.854, +0.042,+0.918
1652963280,+3.49,+20.862, +0.042,+0.918
1652963340,+3.49,+20.870, +0.042,+0.918
1652963400,+3.49,+20.854, +0.041,+0.918
1652963460,+3.49,+20.845, +0.042,+0.918
1652963520,+3.49,+20.837, +0.042,+0.918
1652963580,+3.49,+20.829, +0.042,+0.918
1652963640,+3.49,+20.829, +0.042,+0.919
1652963700,+3.49,+20.845, +0.042,+0.918
1652963760,+3.49,+20.837, +0.042,+0.918
1652963820,+3.49,+20.837, +0.042,+0.918
1652963880,+3.49,+20.829, +0.042,+0.918
1652963940,+3.49,+20.820, +0.043,+0.919
1652964000,+3.49,+20.820, +0.042,+0.918
1652964060,+3.49,+20.820, +0.042,+0.919
1652964120,+3.49,+20.820, +0.042,+0.918
1652964180,+3.49,+20.837, +0.041,+0.918
1652964240,+3.49,+20.803, +0.042,+0.919
1652964300,+3.49,+20.803, +0.043,+0.918
1652964360,+3.49,+20.820, +0.043,+0.919
1652964420,+3.49,+20.829, +0.041,+0.918
1652964480,+3.49,+20.795, +0.042,+0.918
1652964540,+3.49,+20.803, +0.042,+0.918
1652964600,+3.49,+20.795, +0.042,+0.919
1652964660,+3.49,+20.812, +0.042,+0.919
1652964720,+3.49,+20.803, +0.043,+0.919
1652964780,+3.49,+20.803, +0.042,+0.918
1652964840,+3.49,+20.795, +0.042,+0.918
1652964900,+3.49,+20.803, +0.042,+0.918
1652964960,+3.49,+20.803, +0.042,+0.918
1652965020,+3.49,+20.787, +0.042,+0.918
1652965080,+3.49,+20.812, +0.041,+0.919
1652965140,+3.50,+20.803, +0.042,+0.918
1652965200,+3.50,+20.795, +0.042,+0.919
1652965260,+3.49,+20.803, +0.043,+0.919
1652965320,+3.49,+20.795, +0.042,+0.918
1652965380,+3.49,+20.803, +0.042,+0.918
1652965440,+3.49,+20.803, +0.042,+0.918
1652965500,+3.49,+20.795, +0.042,+0.918
1652965560,+3.49,+20.770, +0.042,+0.918
1652965620,+3.49,+20.787, +0.042,+0.918
1652965680,+3.49,+20.778, +0.042,+0.919
1652965740,+3.49,+20.770, +0.042,+0.918
1652965800,+3.49,+20.770, +0.042,+0.919
1652965860,+3.49,+20.770, +0.043,+0.919
1652965920,+3.49,+20.762, +0.042,+0.919
1652965980,+3.49,+20.778, +0.042,+0.919
1652966040,+3.49,+20.753, +0.042,+0.919
1652966100,+3.49,+20.770, +0.042,+0.918
1652966160,+3.49,+20.762, +0.042,+0.919
1652966220,+3.50,+20.753, +0.042,+0.918
1652966280,+3.49,+20.762, +0.043,+0.919
1652966340,+3.49,+20.753, +0.042,+0.919
1652966400,+3.49,+20.753, +0.042,+0.919
1652966460,+3.49,+20.753, +0.043,+0.919
1652966520,+3.49,+20.762, +0.042,+0.919
1652966580,+3.49,+20.745, +0.042,+0.918
1652966640,+3.49,+20.736, +0.042,+0.919
1652966700,+3.49,+20.745, +0.042,+0.918
1652966760,+3.49,+20.745, +0.042,+0.918
1652966820,+3.49,+20.728, +0.042,+0.918
1652966880,+3.50,+20.720, +0.042,+0.919
1652966940,+3.49,+20.736, +0.042,+0.919
1652967000,+3.49,+20.720, +0.042,+0.919
1652967060,+3.49,+20.736, +0.042,+0.919
1652967120,+3.49,+20.728, +0.042,+0.919
1652967180,+3.49,+20.720, +0.042,+0.919
1652967240,+3.49,+20.720, +0.042,+0.918
1652967300,+3.49,+20.720, +0.042,+0.918
1652967360,+3.50,+20.720, +0.042,+0.918
1652967420,+3.50,+20.720, +0.042,+0.918
1652967480,+3.50,+20.686, +0.042,+0.919
1652967540,+3.50,+20.703, +0.042,+0.919
1652967600,+3.50,+20.711, +0.042,+0.918
1652967660,+3.50,+20.703, +0.043,+0.919
1652967720,+3.50,+20.695, +0.043,+0.919
1652967780,+3.50,+20.695, +0.042,+0.919
1652967840,+3.50,+20.703, +0.042,+0.918
1652967900,+3.50,+20.686, +0.042,+0.919
1652967960,+3.50,+20.686, +0.042,+0.919
1652968020,+3.49,+20.686, +0.042,+0.919
1652968080,+3.50,+20.670, +0.042,+0.918
1652968140,+3.50,+20.686, +0.042,+0.919
1652968200,+3.50,+20.678, +0.042,+0.919
1652968260,+3.50,+20.670, +0.042,+0.919
1652968320,+3.50,+20.678, +0.042,+0.919
1652968380,+3.50,+20.661, +0.042,+0.918
1652968440,+3.50,+20.670, +0.042,+0.919
1652968500,+3.50,+20.653, +0.043,+0.919
1652968560,+3.50,+20.661, +0.042,+0.919
1652968620,+3.50,+20.644, +0.042,+0.919
1652968680,+3.50,+20.644, +0.043,+0.919
1652968740,+3.50,+20.644, +0.043,+0.919
1652968800,+3.50,+20.644, +0.043,+0.919
1652968860,+3.50,+20.644, +0.042,+0.919
1652968920,+3.50,+20.653, +0.042,+0.918
1652968980,+3.50,+20.644, +0.043,+0.919
1652969040,+3.50,+20.636, +0.043,+0.919
1652969100,+3.50,+20.636, +0.043,+0.919
1652969160,+3.50,+20.628, +0.042,+0.919
1652969220,+3.50,+20.619, +0.042,+0.919
1652969280,+3.50,+20.611, +0.043,+0.919
1652969340,+3.50,+20.611, +0.042,+0.919
1652969400,+3.50,+20.611, +0.042,+0.919
1652969460,+3.50,+20.619, +0.043,+0.919
1652969520,+3.50,+20.619, +0.043,+0.919
1652969580,+3.50,+20.603, +0.043,+0.919
1652969640,+3.50,+20.611, +0.042,+0.919
1652969700,+3.50,+20.594, +0.043,+0.919
1652969760,+3.50,+20.603, +0.043,+0.919
1652969820,+3.50,+20.603, +0.042,+0.919
1652969880,+3.50,+20.578, +0.043,+0.919
1652969940,+3.50,+20.586, +0.043,+0.919
1652970000,+3.50,+20.578, +0.042,+0.919
1652970060,+3.50,+20.586, +0.043,+0.919
1652970120,+3.50,+20.586, +0.042,+0.919
1652970180,+3.50,+20.586, +0.042,+0.919
1652970240,+3.50,+20.569, +0.042,+0.919
1652970300,+3.50,+20.594, +0.042,+0.919
1652970360,+3.50,+20.586, +0.042,+0.919
1652970420,+3.50,+20.578, +0.043,+0.919
1652970480,+3.50,+20.552, +0.043,+0.919
1652970540,+3.50,+20.586, +0.043,+0.919
1652970600,+3.50,+20.569, +0.043,+0.919
1652970660,+3.50,+20.586, +0.042,+0.919
1652970720,+3.50,+20.552, +0.043,+0.919
1652970780,+3.50,+20.561, +0.043,+0.919
1652970840,+3.50,+20.552, +0.043,+0.919
1652970900,+3.50,+20.561, +0.042,+0.919
1652970960,+3.50,+20.552, +0.042,+0.919
1652971020,+3.50,+20.561, +0.042,+0.919
1652971080,+3.50,+20.536, +0.043,+0.919
1652971140,+3.50,+20.536, +0.043,+0.919
1652971200,+3.50,+20.544, +0.042,+0.919
1652971260,+3.50,+20.552, +0.043,+0.919
1652971320,+3.50,+20.544, +0.042,+0.919
1652971380,+3.50,+20.536, +0.043,+0.919
1652971440,+3.50,+20.519, +0.044,+0.919
1652971500,+3.50,+20.536, +0.042,+0.919
1652971560,+3.50,+20.552, +0.043,+0.919
1652971620,+3.50,+20.536, +0.042,+0.919
1652971680,+3.50,+20.536, +0.043,+0.919
1652971740,+3.50,+20.527, +0.043,+0.919
1652971800,+3.50,+20.527, +0.043,+0.919
1652971860,+3.50,+20.519, +0.042,+0.919
1652971920,+3.50,+20.511, +0.043,+0.919
1652971980,+3.50,+20.511, +0.043,+0.919
1652972040,+3.50,+20.511, +0.042,+0.919
1652972100,+3.50,+20.511, +0.043,+0.919
1652972160,+3.50,+20.511, +0.042,+0.919
1652972220,+3.50,+20.494, +0.043,+0.919
1652972280,+3.50,+20.494, +0.043,+0.919
1652972340,+3.50,+20.511, +0.043,+0.919
1652972400,+3.50,+20.494, +0.043,+0.919
1652972460,+3.50,+20.502, +0.043,+0.919
1652972520,+3.50,+20.485, +0.043,+0.919
1652972580,+3.50,+20.502, +0.042,+0.919
1652972640,+3.50,+20.502, +0.042,+0.919
1652972700,+3.50,+20.469, +0.042,+0.919
1652972760,+3.50,+20.477, +0.043,+0.919
1652972820,+3.50,+20.469, +0.043,+0.919
1652972880,+3.50,+20.485, +0.043,+0.919
1652972940,+3.50,+20.485, +0.042,+0.919
1652973000,+3.50,+20.460, +0.042,+0.919
1652973060,+3.50,+20.485, +0.042,+0.918
1652973120,+3.50,+20.452, +0.042,+0.919
1652973180,+3.50,+20.460, +0.044,+0.919
1652973240,+3.50,+20.460, +0.043,+0.919
1652973300,+3.50,+20.469, +0.043,+0.919
1652973360,+3.50,+20.477, +0.043,+0.919
1652973420,+3.50,+20.469, +0.042,+0.919
1652973480,+3.50,+20.460, +0.043,+0.919
1652973540,+3.50,+20.460, +0.043,+0.919
1652973600,+3.50,+20.477, +0.043,+0.919
1652973660,+3.50,+20.469, +0.043,+0.919
1652973720,+3.50,+20.477, +0.042,+0.919
1652973780,+3.50,+20.444, +0.043,+0.919
1652973840,+3.50,+20.444, +0.043,+0.919
1652973900,+3.50,+20.460, +0.043,+0.919
1652973960,+3.50,+20.435, +0.042,+0.919
1652974020,+3.50,+20.435, +0.043,+0.919
1652974080,+3.50,+20.444, +0.043,+0.919
1652974140,+3.50,+20.427, +0.043,+0.919
1652974200,+3.50,+20.427, +0.043,+0.919
1652974260,+3.50,+20.419, +0.043,+0.919
1652974320,+3.50,+20.410, +0.043,+0.919
1652974380,+3.50,+20.410, +0.043,+0.919
1652974440,+3.50,+20.419, +0.043,+0.919
1652974500,+3.50,+20.410, +0.043,+0.919
1652974560,+3.50,+20.427, +0.043,+0.919
1652974620,+3.50,+20.419, +0.043,+0.919
1652974680,+3.50,+20.427, +0.042,+0.919
1652974740,+3.50,+20.410, +0.042,+0.919
1652974800,+3.50,+20.402, +0.043,+0.919
1652974860,+3.50,+20.393, +0.043,+0.919
1652974920,+3.50,+20.402, +0.042,+0.919
1652974980,+3.50,+20.385, +0.043,+0.919
1652975040,+3.50,+20.393, +0.043,+0.919
1652975100,+3.50,+20.402, +0.042,+0.919
1652975160,+3.50,+20.402, +0.043,+0.919
1652975220,+3.50,+20.402, +0.043,+0.919
1652975280,+3.50,+20.393, +0.043,+0.919
1652975340,+3.50,+20.385, +0.043,+0.919
1652975400,+3.50,+20.385, +0.043,+0.919
1652975460,+3.50,+20.393, +0.042,+0.919
1652975520,+3.50,+20.393, +0.043,+0.919
1652975580,+3.50,+20.377, +0.043,+0.919
1652975640,+3.50,+20.385, +0.043,+0.919
1652975700,+3.50,+20.377, +0.043,+0.919
1652975760,+3.50,+20.377, +0.043,+0.919
1652975820,+3.50,+20.385, +0.044,+0.919
1652975880,+3.50,+20.360, +0.044,+0.919
1652975940,+3.50,+20.360, +0.043,+0.919
1652976000,+3.50,+20.368, +0.043,+0.919
1652976060,+3.50,+20.360, +0.042,+0.919
1652976120,+3.50,+20.360, +0.044,+0.919
1652976180,+3.50,+20.352, +0.043,+0.919
1652976240,+3.50,+20.368, +0.043,+0.919
1652976300,+3.50,+20.352, +0.043,+0.919
1652976360,+3.50,+20.335, +0.043,+0.919
1652976420,+3.50,+20.352, +0.043,+0.919
1652976480,+3.50,+20.352, +0.043,+0.919
1652976540,+3.50,+20.360, +0.043,+0.919
1652976600,+3.50,+20.352, +0.043,+0.919
1652976660,+3.50,+20.343, +0.043,+0.919
1652976720,+3.50,+20.335, +0.043,+0.919
1652976780,+3.50,+20.326, +0.043,+0.919
1652976840,+3.50,+20.343, +0.043,+0.919
1652976900,+3.50,+20.343, +0.043,+0.919
1652976960,+3.50,+20.335, +0.043,+0.919
1652977020,+3.50,+20.335, +0.043,+0.919
1652977080,+3.50,+20.335, +0.043,+0.919
1652977140,+3.50,+20.326, +0.043,+0.919
1652977200,+3.50,+20.335, +0.043,+0.919
1652977260,+3.50,+20.326, +0.043,+0.919
1652977320,+3.50,+20.335, +0.043,+0.919
1652977380,+3.50,+20.335, +0.043,+0.919
1652977440,+3.50,+20.343, +0.043,+0.919
1652977500,+3.50,+20.318, +0.042,+0.919
1652977560,+3.50,+20.318, +0.044,+0.919
1652977620,+3.50,+20.285, +0.043,+0.919
1652977680,+3.50,+20.318, +0.042,+0.919
1652977740,+3.50,+20.293, +0.043,+0.919
1652977800,+3.50,+20.326, +0.043,+0.919
1652977860,+3.50,+20.293, +0.043,+0.919
1652977920,+3.50,+20.285, +0.043,+0.919
1652977980,+3.50,+20.310, +0.043,+0.919
1652978040,+3.50,+20.318, +0.043,+0.919
1652978100,+3.50,+20.301, +0.043,+0.919
1652978160,+3.50,+20.285, +0.043,+0.919
1652978220,+3.50,+20.276, +0.043,+0.919
1652978280,+3.50,+20.285, +0.043,+0.919
1652978340,+3.50,+20.310, +0.043,+0.919
1652978400,+3.50,+20.293, +0.043,+0.919
1652978460,+3.50,+20.285, +0.043,+0.919
1652978520,+3.50,+20.285, +0.043,+0.919
1652978580,+3.50,+20.310, +0.042,+0.919
1652978640,+3.50,+20.285, +0.043,+0.919
1652978700,+3.50,+20.276, +0.043,+0.919
1652978760,+3.50,+20.285, +0.043,+0.919
1652978820,+3.50,+20.285, +0.042,+0.919
1652978880,+3.50,+20.276, +0.043,+0.919
1652978940,+3.50,+20.285, +0.043,+0.919
1652979000,+3.50,+20.276, +0.044,+0.919
1652979060,+3.50,+20.276, +0.043,+0.919
1652979120,+3.50,+20.259, +0.044,+0.919
1652979180,+3.50,+20.268, +0.043,+0.919
1652979240,+3.50,+20.268, +0.042,+0.919
1652979300,+3.50,+20.268, +0.043,+0.919
1652979360,+3.50,+20.268, +0.043,+0.919
1652979420,+3.50,+20.259, +0.044,+0.919
1652979480,+3.50,+20.243, +0.044,+0.919
1652979540,+3.50,+20.251, +0.043,+0.919
1652979600,+3.50,+20.251, +0.044,+0.919
1652979660,+3.50,+20.234, +0.043,+0.919
1652979720,+3.50,+20.251, +0.043,+0.919
1652979780,+3.50,+20.251, +0.043,+0.919
1652979840,+3.50,+20.226, +0.043,+0.919
1652979900,+3.50,+20.243, +0.043,+0.919
1652979960,+3.50,+20.243, +0.044,+0.919
1652980020,+3.50,+20.251, +0.043,+0.919
1652980080,+3.50,+20.234, +0.043,+0.919
1652980140,+3.50,+20.243, +0.043,+0.919
1652980200,+3.50,+20.226, +0.043,+0.919
1652980260,+3.50,+20.226, +0.043,+0.919
1652980320,+3.50,+20.243, +0.043,+0.919
1652980380,+3.50,+20.243, +0.043,+0.919
1652980440,+3.50,+20.218, +0.043,+0.919
1652980500,+3.50,+20.243, +0.043,+0.919
1652980560,+3.50,+20.218, +0.043,+0.919
1652980620,+3.50,+20.218, +0.043,+0.919
1652980680,+3.50,+20.234, +0.043,+0.919
1652980740,+3.50,+20.234, +0.043,+0.919
1652980800,+3.50,+20.226, +0.043,+0.919
1652980860,+3.50,+20.209, +0.043,+0.919
1652980920,+3.50,+20.218, +0.044,+0.919
1652980980,+3.50,+20.218, +0.043,+0.919
1652981040,+3.50,+20.201, +0.043,+0.919
1652981100,+3.50,+20.209, +0.043,+0.919
1652981160,+3.50,+20.201, +0.043,+0.919
1652981220,+3.50,+20.226, +0.043,+0.919
1652981280,+3.50,+20.218, +0.044,+0.919
1652981340,+3.50,+20.184, +0.044,+0.919
1652981400,+3.50,+20.209, +0.043,+0.919
1652981460,+3.50,+20.209, +0.043,+0.919
1652981520,+3.50,+20.201, +0.043,+0.919
1652981580,+3.50,+20.201, +0.043,+0.919
1652981640,+3.50,+20.209, +0.043,+0.919
1652981700,+3.50,+20.193, +0.043,+0.919
1652981760,+3.50,+20.167, +0.044,+0.919
1652981820,+3.50,+20.193, +0.043,+0.919
1652981880,+3.50,+20.201, +0.044,+0.919
1652981940,+3.50,+20.193, +0.043,+0.919
1652982000,+3.50,+20.201, +0.043,+0.919
1652982060,+3.50,+20.176, +0.043,+0.919
1652982120,+3.50,+20.193, +0.043,+0.919
1652982180,+3.50,+20.176, +0.043,+0.919
1652982240,+3.50,+20.201, +0.043,+0.919
1652982300,+3.50,+20.176, +0.043,+0.919
1652982360,+3.50,+20.193, +0.043,+0.919
1652982420,+3.50,+20.184, +0.043,+0.919
1652982480,+3.50,+20.184, +0.043,+0.919
1652982540,+3.50,+20.176, +0.043,+0.919
1652982600,+3.50,+20.184, +0.044,+0.919
1652982660,+3.50,+20.159, +0.044,+0.919
1652982720,+3.50,+20.151, +0.044,+0.919
1652982780,+3.50,+20.176, +0.043,+0.919
1652982840,+3.50,+20.184, +0.044,+0.919
1652982900,+3.50,+20.159, +0.044,+0.919
1652982960,+3.50,+20.176, +0.043,+0.919
1652983020,+3.50,+20.167, +0.043,+0.919
1652983080,+3.50,+20.151, +0.043,+0.919
1652983140,+3.50,+20.176, +0.043,+0.919
1652983200,+3.50,+20.184, +0.043,+0.919
1652983260,+3.50,+20.151, +0.043,+0.919
1652983320,+3.50,+20.176, +0.042,+0.919
1652983380,+3.50,+20.159, +0.044,+0.919
1652983440,+3.50,+20.159, +0.043,+0.919
1652983500,+3.50,+20.167, +0.043,+0.919
1652983560,+3.50,+20.151, +0.044,+0.919
1652983620,+3.50,+20.167, +0.043,+0.919
1652983680,+3.50,+20.176, +0.043,+0.919
1652983740,+3.50,+20.167, +0.043,+0.919
1652983800,+3.50,+20.134, +0.044,+0.919
1652983860,+3.50,+20.159, +0.043,+0.919
1652983920,+3.50,+20.176, +0.043,+0.919
1652983980,+3.50,+20.159, +0.044,+0.919
1652984040,+3.50,+20.176, +0.043,+0.919
1652984100,+3.50,+20.159, +0.043,+0.919
1652984160,+3.50,+20.159, +0.044,+0.919
1652984220,+3.50,+20.176, +0.043,+0.919
1652984280,+3.50,+20.159, +0.043,+0.919
1652984340,+3.50,+20.167, +0.044,+0.919
1652984400,+3.50,+20.159, +0.044,+0.919
1652984460,+3.50,+20.159, +0.044,+0.919
1652984520,+3.50,+20.176, +0.043,+0.919
1652984580,+3.50,+20.167, +0.043,+0.919
1652984640,+3.50,+20.167, +0.044,+0.919
1652984700,+3.50,+20.167, +0.044,+0.919
1652984760,+3.50,+20.159, +0.043,+0.919
1652984820,+3.50,+20.176, +0.044,+0.919
1652984880,+3.50,+20.167, +0.043,+0.919
1652984940,+3.50,+20.167, +0.043,+0.919
1652985000,+3.50,+20.159, +0.043,+0.919
1652985060,+3.50,+20.176, +0.043,+0.919
1652985120,+3.50,+20.176, +0.043,+0.919
1652985180,+3.50,+20.193, +0.044,+0.919
1652985240,+3.50,+20.201, +0.043,+0.919
1652985300,+3.50,+20.159, +0.044,+0.919
1652985360,+3.50,+20.201, +0.044,+0.919
1652985420,+3.50,+20.184, +0.043,+0.919
1652985480,+3.50,+20.193, +0.043,+0.919
1652985540,+3.50,+20.167, +0.044,+0.919
1652985600,+3.50,+20.184, +0.044,+0.919
1652985660,+3.50,+20.193, +0.043,+0.919
1652985720,+3.50,+20.209, +0.044,+0.919
1652985780,+3.50,+20.176, +0.044,+0.919
1652985840,+3.50,+20.167, +8.608,+0.939
1652985900,+3.49,+20.033, +8.685,+0.938
1652985960,+3.49,+19.715, +8.875,+0.937
1652986020,+3.49,+19.514, +8.910,+0.937
1652986080,+3.50,+19.321, +8.966,+0.938
1652986140,+3.50,+19.153, +9.012,+0.937
1652986200,+3.50,+19.010, +9.036,+0.938
1652986260,+3.50,+18.952, +9.024,+0.938
1652986320,+3.49,+18.884, +9.039,+0.937
1652986380,+3.49,+18.859, +9.049,+0.937
1652986440,+3.49,+18.851, +9.057,+0.938
1652986500,+3.49,+18.826, +9.054,+0.937
1652986560,+3.49,+18.800, +9.066,+0.937
1652986620,+3.49,+18.851, +9.066,+0.938
1652986680,+3.49,+18.868, +9.069,+0.937
1652986740,+3.49,+18.901, +9.082,+0.937
1652986800,+3.50,+18.968, +9.106,+0.937
1652986860,+3.50,+19.052, +9.098,+0.937
1652986920,+3.50,+19.111, +9.099,+0.938
1652986980,+3.50,+19.153, +9.083,+0.936
1652987040,+3.50,+19.187, +9.072,+0.937
1652987100,+3.50,+19.220, +9.062,+0.936
1652987160,+3.50,+19.271, +9.080,+0.937
1652987220,+3.50,+19.304, +9.072,+0.937
1652987280,+3.50,+19.313, +9.074,+0.937
1652987340,+3.50,+19.346, +9.063,+0.937
1652987400,+3.50,+19.380, +9.070,+0.937
1652987460,+3.50,+19.405, +9.059,+0.937
1652987520,+3.50,+19.447, +9.047,+0.937
1652987580,+3.50,+19.489, +9.034,+0.937
1652987640,+3.49,+19.522, +9.028,+0.936
1652987700,+3.49,+19.573, +9.034,+0.937
1652987760,+3.49,+19.598, +9.025,+0.937
1652987820,+3.49,+19.656, +9.018,+0.937
1652987880,+3.49,+19.715, +9.008,+0.937
1652987940,+3.49,+19.765, +8.998,+0.937
1652988000,+3.49,+19.841, +8.975,+0.936
1652988060,+3.49,+19.891, +8.975,+0.937
1652988120,+3.49,+19.925, +8.973,+0.937
1652988180,+3.49,+19.966, +8.975,+0.937
1652988240,+3.49,+20.017, +8.957,+0.936
1652988300,+3.49,+20.033, +8.953,+0.936
1652988360,+3.50,+20.067, +8.961,+0.937
1652988420,+3.50,+20.134, +8.938,+0.937
1652988480,+3.50,+20.142, +8.948,+0.937
1652988540,+3.50,+20.176, +8.947,+0.937
1652988600,+3.50,+20.218, +8.938,+0.937
1652988660,+3.50,+20.234, +8.923,+0.936
1652988720,+3.50,+20.268, +8.915,+0.937
1652988780,+3.50,+20.301, +8.908,+0.936
1652988840,+3.50,+20.326, +8.919,+0.937
1652988900,+3.50,+20.360, +8.906,+0.936
1652988960,+3.50,+20.385, +8.901,+0.937
1652989020,+3.49,+20.410, +8.897,+0.936
1652989080,+3.49,+20.435, +8.900,+0.937
1652989140,+3.49,+20.460, +8.905,+0.937
1652989200,+3.49,+20.494, +8.896,+0.936
1652989260,+3.49,+20.519, +8.889,+0.936
1652989320,+3.49,+20.544, +8.879,+0.936
1652989380,+3.49,+20.561, +8.901,+0.937
1652989440,+3.49,+20.586, +8.878,+0.936
1652989500,+3.49,+20.603, +8.895,+0.937
1652989560,+3.49,+20.636, +8.858,+0.936
1652989620,+3.49,+20.653, +8.869,+0.937
1652989680,+3.49,+20.686, +8.867,+0.936
1652989740,+3.49,+20.695, +8.860,+0.936
1652989800,+3.49,+20.736, +8.847,+0.936
1652989860,+3.49,+20.753, +8.865,+0.937
1652989920,+3.49,+20.770, +8.861,+0.937
1652989980,+3.49,+20.795, +8.829,+0.935
1652990040,+3.49,+20.829, +8.848,+0.937
1652990100,+3.49,+20.845, +8.849,+0.936
1652990160,+3.49,+20.862, +8.831,+0.936
1652990220,+3.49,+20.887, +8.831,+0.936
1652990280,+3.49,+20.904, +8.834,+0.936
1652990340,+3.49,+20.929, +8.823,+0.936
1652990400,+3.49,+20.946, +8.835,+0.936
1652990460,+3.49,+20.987, +8.821,+0.936
1652990520,+3.49,+20.996, +8.822,+0.935
1652990580,+3.49,+21.029, +8.806,+0.935
1652990640,+3.49,+21.038, +8.821,+0.936
1652990700,+3.49,+21.079, +8.802,+0.935
1652990760,+3.49,+21.096, +8.811,+0.936
1652990820,+3.49,+21.113, +8.808,+0.936
1652990880,+3.50,+21.155, +8.796,+0.935
1652990940,+3.50,+21.188, +8.797,+0.936
1652991000,+3.50,+21.188, +8.788,+0.936
1652991060,+3.50,+21.238, +8.768,+0.934
1652991120,+3.50,+21.263, +8.783,+0.935
1652991180,+3.50,+21.280, +8.783,+0.936
1652991240,+3.50,+21.305, +8.767,+0.935
1652991300,+3.50,+21.347, +8.788,+0.936
1652991360,+3.50,+21.364, +8.766,+0.935
1652991420,+3.50,+21.406, +8.765,+0.935
1652991480,+3.49,+21.431, +8.766,+0.935
1652991540,+3.49,+21.447, +8.759,+0.935
1652991600,+3.49,+21.481, +8.761,+0.936
1652991660,+3.49,+21.531, +8.748,+0.935
1652991720,+3.49,+21.539, +8.746,+0.935
1652991780,+3.49,+21.573, +8.754,+0.935
1652991840,+3.49,+21.615, +8.725,+0.934
1652991900,+3.49,+21.665, +8.726,+0.935
1652991960,+3.49,+21.673, +8.715,+0.934
1652992020,+3.49,+21.707, +8.718,+0.934
1652992080,+3.49,+21.732, +8.721,+0.935
1652992140,+3.49,+21.782, +8.721,+0.935
1652992200,+3.49,+21.790, +8.717,+0.934
1652992260,+3.49,+21.807, +8.714,+0.935
1652992320,+3.49,+21.849, +8.699,+0.935
1652992380,+3.49,+21.874, +8.704,+0.934
1652992440,+3.49,+21.907, +8.699,+0.934
1652992500,+3.49,+21.924, +8.685,+0.934
1652992560,+3.49,+21.966, +8.692,+0.934
1652992620,+3.49,+21.991, +8.682,+0.934
1652992680,+3.49,+22.041, +8.688,+0.935
1652992740,+3.49,+22.066, +8.669,+0.934
1652992800,+3.49,+22.066, +8.673,+0.934
1652992860,+3.49,+22.108, +8.673,+0.934
1652992920,+3.49,+22.125, +8.661,+0.934
1652992980,+3.49,+22.158, +8.653,+0.934
1652993040,+3.49,+22.183, +8.649,+0.934
1652993100,+3.49,+22.192, +8.644,+0.934
1652993160,+3.49,+22.183, +8.643,+0.933
1652993220,+3.49,+22.175, +8.655,+0.933
1652993280,+3.49,+22.175, +8.665,+0.934
1652993340,+3.49,+22.183, +8.659,+0.934
1652993400,+3.49,+22.192, +8.650,+0.934
1652993460,+3.49,+22.192, +8.651,+0.933
1652993520,+3.49,+22.208, +8.657,+0.934
1652993580,+3.50,+22.258, +8.645,+0.933
1652993640,+3.50,+22.275, +8.645,+0.934
1652993700,+3.50,+22.317, +8.596,+0.933
1652993760,+3.50,+22.367, +8.610,+0.933
1652993820,+3.50,+22.426, +8.589,+0.933
1652993880,+3.49,+22.451, +8.599,+0.933
1652993940,+3.49,+22.493, +8.571,+0.933
1652994000,+3.49,+22.560, +8.463,+0.934
1652994060,+3.49,+22.785, +8.353,+0.934
